0 0,1,4,198,380
1 0,1,2,3,4,5,6,8,10,12,18,20,22,23,33,34,39,40,41,44,50,54,62,64,67,79,87,93,97,98,104,112,117,122,123,127,131,141,146,155,156,173,175,201,218,223,225,228,235,240,246,263,306,315,337,353,400,411,437,443,461,531,607,628
2 0,1,2,3,4,5,6,7,8,10,12,13,15,17,19,20,21,22,23,36,48,49,51,53,57,74,75,83,86,99,109,118,133,135,137,138,143,146,150,157,169,178,238,242,323,342,372,412,435,466,506
3 0,1,2,3,4,6,10,11,14,15,19,21,24,29,33,34,39,41,46,50,66,77,92,104,105,112,136,169,182,183,231,301,494
4 0,1,3,17,27,47,76,93,201,205,237,545
5 0,1,2,3,4,5,23,25,27,28,29,41,52,65,87,152,154,277,304,358,577
6 0,1,2,3,6,7,8,10,11,12,15,16,17,21,23,28,29,33,38,39,42,46,48,50,53,78,96,97,107,155,159,187,223,302,381,392,408,588
7 0,1,2,3,5,6,10,12,20,22,23,24,41,43,54,60,64,67,74,79,90,104,123,135,173,178,276,289,393,447,517
8 0,1,2,3,4,5,6,9,11,12,18,22,23,24,32,33,35,39,40,41,43,44,46,51,53,54,58,62,63,64,73,75,79,86,88,90,109,120,125,127,172,173,174,210,222,301,418,432,434,451,479,480,520
9 0,1,2,3,4,5,6,11,17,20,39,40,54,60,67,107,113,173,194,195,255,555
10 0,1
11 0,1,2,3,4,5,6,7,10,11,15,16,18,21,22,24,29,33,40,42,43,44,48,58,60,62,65,76,85,91,97,122,146,167,172,173,196,236,269,290,306,316,337,543,642
12 0,1,2,3,4,5,6,10,12,17,19,21,30,31,49,62,85,90,163,164,235,331,393,440,595
13 0,1,2,3,5,6,9,10,14,28,40,41,62,90,109,118,259,590,646
14 0,1,2,3,4,5,6,8,9,10,11,13,15,18,21,22,24,29,30,34,40,50,54,62,63,88,93,95,118,150,158,222,495,540,590
15 0,1,2,3,4,5,6,9,10,11,12,13,14,15,18,22,23,24,26,31,35,38,49,55,60,61,62,64,77,92,102,111,122,125,135,145,170,256,292,406,478,601
16 0,1,2,3,4,5,6,8,10,13,14,15,21,22,29,31,32,38,46,47,49,54,57,65,86,89,92,102,105,112,117,150,153,184,222,331,429,466,544,546,553
17 0,1,2,3,4,7,10,11,15,21,22,23,24,27,29,33,34,45,47,51,60,69,85,88,115,118,122,123,139,146,155,224,226,231,236,269,528,618
18 0,1,2,6,8,11,15,25,30,40,52,57,81,93,99,105,130,148,160,161,177,179,185,186,187,212,215,223,234,251,299,406,418,448,450,481,616
19 0,1,2,3,4,5,6,9,15,22,23,28,33,48,62,76,88,107,109,110,123,150,155,174,344,508,625
20 0,1,3,5,6,7,8,9,18,24,25,43,61,373
21 0,1,2,3,4,5,6,7,8,9,10,11,12,13,15,21,22,23,27,32,33,35,50,58,60,66,94,97,98,110,112,113,119,129,139,149,153,159,243,275,293,345,512,515,554,602
22 0,1,2,3,6,9,10,19,20,25,29,49,51,53,62,78,82,100,389
23 0,1,2,3,4,5,6,9,10,11,12,14,15,22,24,25,32,40,42,54,60,62,63,64,75,83,90,101,107,115,117,140,148,149,162,187,194,195,214,253,282,423,486
24 0,1,2,3,5,6,9,15,19,21,22,26,35,37,39,41,42,48,58,69,72,80,91,94,125,132,169,170,259,293,580
25 0,1,2,3,4,5,6,7,10,11,12,25,26,60,67,74,102,135,140,206,218,290,596,608,645
26 0,1,2,3,4,6,9,16,65,86,90,158,256,445,552
27 0,1,2,3,5,9,13,14,22,24,32,41,42,51,60,107,140,388,432,451
28 0,1,2,3,5,23,46,50,53,63,79,97,132,144,155,251
29 0,1,2,3,9,10,11,28,32,35,50,64,76,81,116,190,512
30 0,1
31 0,1,2,3,6,14,15,33,35,49,74,99,124,144,353,576
32 0,1,3,4,5,6,7,14,36,37,46,50,54,73,84,103,147,214,283,405
33 0,1,2,4,6,7,8,10,11,12,15,17,20,21,30,34,35,36,42,63,80,88,92,101,128,279,307,366
34 0,1,2,4,6,11,14,16,18,19,34,42,47,67,97,148,221,415,510,608
35 0,1,2,3,4,5,6,7,8,9,10,12,17,19,23,25,28,31,32,35,44,45,47,52,54,55,61,63,65,71,76,81,85,89,92,99,100,117,121,128,168,279,322,398,585,599
36 0,1,2,4,8,9,10,14,15,36,39,40,95,97,113,164,330,362,369,547
37 0,1,2,3,7,12,110,206,293
38 0,1,2,3,4,5,8,10,12,15,16,19,33,43,46,48,50,63,69,91,92,256,268,329,341,360,446,453,462,537,640
39 0,1
40 0,1,3,4,6,8,9,12,16,35,100,296,505
41 0,1,2,3,10,16,18,38,40,41,74,97,166,201,240,424,430
42 0,1,8,20,27,66,169,278,367
43 0,1,2,3,4,5,9,11,12,14,19,21,32,35,37,51,62,70,79,80,83,161,183,200,269,274,462,513,576
44 0,1,2,6,10,11,20,29,31,35,42,43,66,69,170,180,255,268,355,467
45 0,1,2,3,4,10,11,12,22,27,29,32,34,40,50,127,221
46 0,1,2,3,11,20,42,66,101,172,181,308,486
47 0,1,3,7,46,77,114,136,162
48 0,1,2,3,6,12,20,23,51,64,76,102,122,161,180,248
49 0,1,2,4,6,8,9,11,18,19,20,33,37,41,43,49,50,59,67,122,131,132,137,171,263,306,319,357,580
50 0,1,2,3,4,7,8,9,10,15,19,20,23,24,27,31,40,64,73,92,100,102,206,207,569
51 0,1,2,4,6,7,10,12,17,25,26,29,44,51,65,68,72,76,81,107,115,153,322,421,508,528
52 0,1,2,10,34,41,49,214
53 0,1,7,33,60,64
54 0,1,4,11,18,27,28,51,71,130,227,318,357,433
55 0,1,2,4,6,8,11,15,16,23,28,38,60,63,73,83,154,203,249,453
56 0,1,2,3,6,18,23,26,29,35,36,43,50,53,60,72,75,96,117,220,250,520,639
57 0,1,3,6,7,8,15,32,37,42,48,89,118,149,250,386,423
58 0,1,2,4,10,30,85,231,246,411,437
59 0,1,2,3,5,24,54,85,145,461,531
60 0,1,21,340,501
61 0,1,2,3,4,5,11,35,48,111,206,218,230,389
62 0,1,3,4,6,21,25,31,52,68,76,92,168,267,335,495,601
63 0,1,3,5,6,9,21,41,42,44,48,65,91,116,338,549
64 0,1,2,8,13,15,17,25,38,39,51,129,140,206,228,364,481,567
65 0,1,3,7,8,29,32,34,36,39,43,65,66,86,109,205,263
66 0,1,2,10,14,19,21,24,29,51,74,76,133,145,164
67 0,1,8,40,458
68 0,1,2,9,13,15,24,26,40,94,158,181
69 0,1,88,207
70 0,1,3,5,6,14,22,34,42,96,159,160
71 0,1,41,50,288,325
72 0,1,2,3,4,16,26,29,38,60,113,115,374
73 0,1
74 0,1,2,3,4,8,10,11,14,25,26,28,30,34,45,52,53,59,116,121,122,240,256,275,277,524
75 0,1,2,4,9,42,65,86,87,90,105,113,118,143,301,482,526,538,552,615
76 0,1,2,3,5,18,35,59,523
77 0,1,2,4,5,10,16,22,34,53,91,94,101,104,394,634
78 0,1,2,3,4,5,6,7,13,15,26,32,49,102,150,373,419,595
79 0,1,2,3,8,9,17,27,64,69,85,117,134,136,147,189
80 0,1,2,3,4,5,9,12,23,24,26,30,34,38,43,59,62,73,79,234,377,502,641
81 0,1,66,198
82 0,1,8,9,74,482
83 0,1,2,3,4,10,11,12,15,53,72,90,285,440,498
84 0,1,2,3,8,11,24,30,104,499,525
85 0,1
86 0,1,2,19,20,39,94,551
87 0,1,2,28,32,47,233,371
88 0,1,3,4,9,11,12,19,22,33,115,618
89 0,1,2,3,17,22,53,274,593
90 0,1,2,10,11,105,204,291
91 0,1,2,3,12,47,316
92 0,1,2,11,12,15,17,21,34,39,95,113,151
93 0,1,9,56,84,93,190,247,382,407,456
94 0,1,2,3,4,22,23,27,30,91,104,131,159,219,443,530
95 0,1,4,5,9,39,174,378,499,617
96 0,1,2,6,8,11
97 0,1,217
98 0,1,3,5,6,7,10,12,47,53,59,99,119,123,175,409
99 0,1,3,5,9,29,30,92,115,116,130,162,174,244,491
100 0,1,2,24,44,564
101 0,1,2,3,4,6,8,21,24,32,46,50,61,67,79,232,241,330,346,428,478,578,581
102 0,1,2,4,7,17,26,27,50,105,139,383,429,551
103 0,1,2,3,7,9,11,12,21,34,92,125,506,554,598
104 0,1,2,4,7,14,17,26,54,87,131,300,530
105 0,1,2,3,4,5,6,7,9,15,22,40,42,90,274
106 0,1,2,17,28,48
107 0,1,2,5,23,43,62,63,74,76,138,228,271,557
108 0,1,2,3,8,15,21,27,41,42,59,61,118,154,203,216,228,584,597
109 0,1,10,12,33,34,60,109,309
110 0,1,3,6,8,12,15,17,44,217
111 0,1,2,3,6,10,18,40,47,53,54,60,72,148,175
112 0,1,2,5,8,13,15,27,44,123,224,542
113 0,1,2,3,4,9,11,15,59,281,412,487
114 0,1,3,4,6,8,9,10,12,15,19,20,39,46,47,73,90,118,124,143,242,333,537,615
115 0,1,2,3,5,6,14,19,28,38,39,40,72,125,142,173,189,296,335,607
116 0,1,3,5,6,23,35,141
117 0,1,53,342
118 0,1,18,197,202,229
119 0,1,18
120 0,1,2,3,5,8,10,23,25,35,58,60,62,74,96,132
121 0,1,2,4,16,25,58,127,568
122 0,1,3,5,6,7,12,17,18,20,44,51,55,69,86,541,647
123 0,1,2,3,6,7,8,17,24,29,39,75,225,285,320,372,483
124 0,1,2,4,6,120,205
125 0,1,2,21,22,33,71,288,509
126 0,1,3,7,55,78,513
127 0,1,2,3,5,32,70,124,136,222,355,431
128 0,1,2,3,5,12,89,146,170
129 0,1
130 0,1,2,6,9,633
131 0,1,2,3,5,12,69,72,251,321
132 0,1,2,3,4,5,6,8,9,12,14,66,73,82,131,156,388,605
133 0,1,4,11,12,33,311
134 0,1,7,13,17,21,28,51,77,114
135 0,1,2,4,16,23,64,65,86,100,208,399
136 0,1,3,9,67,97
137 0,1,2,3,10,12,28,36,40,49,159,176,211,398
138 0,1,2,17,22,26,69,133,276,500
139 0,1,2,49,439
140 0,1,2,10,29,63,65,71
141 0,1,2,3,5,10,30,46,75,108,119,127,146,182,184,232,438
142 0,1,9,14,24,39,50,101,525,546
143 0,1,2,8,13,14,30,112,146,510
144 0,1,28,473
145 0,1,2,15,17,23,43,114,465,578
146 0,1,3,4,5,12,19,35,90,127,164,379
147 0,1
148 0,1,2,16,22,43,84,101,114,184,202,271,452
149 0,1
150 0,1,2,4,6,8,9,19,39,41,43,94,96,108,141,170
151 0,1
152 0,1,2,4,5,10,11,12,18,126,144,147
153 0,1,2,49
154 0,1,2,3,6,26,35,116,153,169,295
155 0,1,4,5,22,23,47,157,205,313,349,361,556
156 0,1,39,175
157 0,1,2,3,4,11,13,17,24,40,194
158 0,1,2,11,22,40,41,210,427,636
159 0,1,2,3,9,12,19,27
160 0,1,43
161 0,1,7,9
162 0,1,2,4,169,282
163 0,1,2,3,8,23,29,31,46,50,51,61,63,97,121,132,565,596
164 0,1,2,3,6,7,8,15,17,18,24,25,32,42,43,77,120,225,239,280,426
165 0,1,2,3,16,17,116,152,207
166 0,1,2,10,11,15,19,84,167,211,327,460
167 0,1,2,3,7,31,40,45,66,100,111,184
168 0,1,2,85
169 0,1
170 0,1,2,42
171 0,1,4,5,7,8,30,54
172 0,1,72,180
173 0,1,9,12,14,176
174 0,1,2,4,6,17,28,48,297,395
175 0,1,2,5,27,56,77,202,524
176 0,1,3,6,80,255,302,547
177 0,1,2,4,16,17,33,43,51,63,70,190,504
178 0,1,26
179 0,1,2,3,7,10,29,35,36,46,86,91,119,156,166,204
180 0,1,12,17,25,28,47,78,444
181 0,1,3,20
182 0,1
183 0,1,4,8,10,12,15,132,390
184 0,1,6,10,86
185 0,1
186 0,1,6,7,15,34,119,610
187 0,1,3,5,8,16,29,243,610
188 0,1,106
189 0,1,10,20,29
190 0,1,12,413
191 0,1,51
192 0,1
193 0,1,288
194 0,1,15,41
195 0,1,2,22,77,116
196 0,1,6,12,33,40,125,193,200,397
197 0,1,2,5,11,15,27,58,88,127
198 0,1,74
199 0,1,8,24,33,115
200 0,1,2,4,6,13,14,25,29,53,171,247
201 0,1,2,8,20,33,37,67,187,285,312,619,622
202 0,1,2,28,61,72
203 0,1,4,18,32
204 0,1,2,3,11,44
205 0,1,14,42,67,490,517
206 0,1,2,4,6,8,13,14,20,80,90,94,100,151,234,340,387,492,630
207 0,1
208 0,1,3,8,268
209 0,1,2,4,8,9
210 0,1,3,6,8,23,68,95,98,574
211 0,1,2,9,11,12,33,47,64,95,126,201
212 0,1,2,43,56,85,134,280,362
213 0,1,6,26
214 0,1,45,160,163,401,591
215 0,1,3,6,9,31,41,96,156,175,204,617
216 0,1,2,4,6,10,13,15,17,20,27,270,534
217 0,1,20,375,638
218 0,1,10
219 0,1,8,248
220 0,1
221 0,1,2,3,4,5,7,31,210,383,561
222 0,1,2,19,33,44,64
223 0,1,10,11,70,77,171,211
224 0,1,7,36,252,575
225 0,1,2,91,167,561
226 0,1,2,6,12,72,79
227 0,1,3,8,12,19,29,66,77,181,279
228 0,1,334
229 0,1,2,68,129
230 0,1,2,39,192,369,583
231 0,1,3,5,6,21,107
232 0,1,20,37
233 0,1,2,4,69
234 0,1,2,3,9,12,281,540
235 0,1,2,11,26,56,67,73,89,177,295
236 0,1,2,4,7,10,12,14,19,26,37,45,67,94,103,124,360
237 0,1
238 0,1,5,32,135,147
239 0,1,142,568
240 0,1
241 0,1,2,3,5,17,26,48,135
242 0,1,3,7,19,34,55
243 0,1,9,95
244 0,1,3,4,6,8,13,16,20,27,48,562
245 0,1,281
246 0,1
247 0,1
248 0,1,2,4,12,39,143,312
249 0,1,12,13,124
250 0,1,2,8,10,21,23,25,29,37,38,47,69,230,305,475
251 0,1,5,22,166
252 0,1,3,58,205
253 0,1,64
254 0,1,30
255 0,1,477
256 0,1,4,5,8,16,230,600
257 0,1,3,7,8,22,124,141
258 0,1,3,12,156
259 0,1,2,4,36,55,80,149,213,303,599
260 0,1
261 0,1,3
262 0,1,3,31,38,79
263 0,1,2,9,12,15,20,54,109,132
264 0,1,7,8,19,20,25,29,32,55,73
265 0,1,5,9,12,36,40,188,474
266 0,1,53
267 0,1,2,4,8,15,24,42,594
268 0,1,262
269 0,1,2,4,24,69,196,538
270 0,1,19,21,24,56,140,276
271 0,1,2,3,4,7,14,17,39,135,144,163,191,496
272 0,1,2,5,102
273 0,1,137
274 0,1
275 0,1,3,9,12
276 0,1,2,3,58,59,80,224,303
277 0,1,3,4,10,16,36,54,100,489
278 0,1,4,5,13,23,66,400
279 0,1,12,93,226
280 0,1,3,6,27,44,261
281 0,1,11,27,152,172,254
282 0,1,11
283 0,1,3,35,52,58,89
284 0,1,2,4,6,8,12,66,605
285 0,1,2,19,21
286 0,1,2,12,14,18,23,61
287 0,1,2,13,65
288 0,1,2,3
289 0,1,2,4,10,31,87,213,267,270
290 0,1,2,3,7,8,18,22,30,34,55,89,92,250,559,623
291 0,1,3,7,9,13,52,58,260,345
292 0,1,2,5,22,31,47,83,313,485
293 0,1,15,23,96,254,266
294 0,1,2,7,43,70,494
295 0,1,3,4,5,23,51,73,133,199
296 0,1,2,109,125
297 0,1
298 0,1,3,63,72,586
299 0,1,2,16,24,31,39,47,128,129,215,324,425
300 0,1,226
301 0,1,2,10,12,19,37,80,261
302 0,1,2,13,14,17,28,112,169,297,401
303 0,1,4,38,215
304 0,1
305 0,1
306 0,1,4,5,7,8,12,18,31,35,52,77,84,85,89,272,479,480
307 0,1,2
308 0,1,4,6,10,25,33,46,53,118
309 0,1,2,4,14,47,87,100,155,260,489,604
310 0,1,6,41,42
311 0,1,190,476
312 0,1,17,39
313 0,1,11,12
314 0,1,2,51
315 0,1,31,104
316 0,1,2,70,527
317 0,1,2,4,6
318 0,1,2,8,18,43,48,110,197
319 0,1,4,12,35
320 0,1,3
321 0,1,13,15,21,34,61,409,419
322 0,1,28
323 0,1
324 0,1,18,25,149,365
325 0,1,2,19,36,42,73,575
326 0,1,2,7,8,21,22,37,41,336,550
327 0,1,12
328 0,1,8,10,52,236
329 0,1
330 0,1,22
331 0,1,2,3,14
332 0,1,21,262
333 0,1,9,14,15,17,52,72,408
334 0,1,7,25,52,139,214
335 0,1,17,20
336 0,1,47,86,103,126
337 0,1,3,4,5,75,83,158
338 0,1,2,12,24,31,83,99,169
339 0,1,2,3,24,225
340 0,1
341 0,1,3,31,52,89,98,168
342 0,1,12,33,176
343 0,1,6,28,39
344 0,1,2,12,15
345 0,1,2,15,27,44,45,76,224,542
346 0,1,18,44,257
347 0,1,88,101
348 0,1,105,380
349 0,1
350 0,1,36,51
351 0,1,2,8
352 0,1,2,15,22,29,31,34,39,41,69,176,192
353 0,1,3,46,59,229
354 0,1,197
355 0,1
356 0,1,9,32,55,139,539,564
357 0,1,13,33,36
358 0,1,7,8,522
359 0,1,4,180
360 0,1
361 0,1,2,66
362 0,1,3,46,53,70,120,121,258,264
363 0,1,5,36,51,104,109
364 0,1,4,13,153,183,366,492
365 0,1,2,33,72
366 0,1,100
367 0,1
368 0,1,3,46,75,82,131,156
369 0,1
370 0,1
371 0,1,18,81
372 0,1,2,6,87,213
373 0,1,37
374 0,1,7,17,18
375 0,1,2,3,34,221
376 0,1,34,62
377 0,1,67
378 0,1,5,6,290
379 0,1,7,8,15,29,76
380 0,1,2,7,12,79,140
381 0,1,2,20
382 0,1,7,291
383 0,1,26
384 0,1,11,20,38
385 0,1
386 0,1,52,59,61,152
387 0,1,3,4,5,7,25,28,30,43,74,75,105,217
388 0,1,2,10,12,13,49,566,632
389 0,1,2,21
390 0,1,2,39
391 0,1,3,15,26,70,104,158,310
392 0,1,15,569
393 0,1,3,21,66,91
394 0,1,16
395 0,1
396 0,1,5,29
397 0,1,9
398 0,1,2,74,77
399 0,1,2,24,25,225,271
400 0,1
401 0,1,9,53
402 0,1,2,8,40,52,68,129,196
403 0,1,6,8,31
404 0,1,7,14,95,108
405 0,1,5,12,41
406 0,1,2,3,119,374
407 0,1,7,12,407
408 0,1,28
409 0,1,20
410 0,1,112,254
411 0,1,2,38
412 0,1
413 0,1,14,19,49,264,439
414 0,1,4
415 0,1,2,13,38,60,64,65,206,577
416 0,1,16,55,148,298,539
417 0,1,41,42,67,76
418 0,1,3,6,105,211
419 0,1,8,12,27
420 0,1,2,14,49,55,197
421 0,1,3,7,11,19,30,141,358
422 0,1,13,68,70,182,265,280
423 0,1,434,603
424 0,1
425 0,1,522
426 0,1,219
427 0,1,2,20,21,24,159
428 0,1,24,46,53,185
429 0,1,4,6,12,20,46,94
430 0,1,4
431 0,1,16,35,98,134
432 0,1,198,391
433 0,1,2,3,14,23,33,79,271,502
434 0,1,2,65,78,145
435 0,1,2,68,87,588
436 0,1,3,20,79
437 0,1,4,5,8,13,61
438 0,1,2,6,26,609
439 0,1,180,395
440 0,1
441 0,1,9,23
442 0,1
443 0,1,2
444 0,1,170,370
445 0,1
446 0,1,43
447 0,1,16,45,68,79,465
448 0,1,105
449 0,1,2,11,77,211,253
450 0,1,4,9,19,33,43,76,377
451 0,1,27,52,221,264
452 0,1,2,4,35,42
453 0,1
454 0,1,543
455 0,1,5,65,117,529
456 0,1,33,166,328,648
457 0,1,9
458 0,1,4,25,182,582
459 0,1,2,74,131
460 0,1,7,8
461 0,1
462 0,1
463 0,1,2,3,26,294,493
464 0,1,2,12,29,34,41,70,112,387,571
465 0,1,4,6,7,428
466 0,1,2
467 0,1,6,10,11,34,126,532
468 0,1,4,17,58,68,283,314
469 0,1
470 0,1,2,4,8,14,17,19,41,67,94,181,523
471 0,1,45,68,108,236
472 0,1
473 0,1
474 0,1,28,55,70
475 0,1
476 0,1,7,12,13
477 0,1
478 0,1,9,18,36,100,188,241,474
479 0,1
480 0,1,3,7,13
481 0,1
482 0,1,7,36,45,111,536
483 0,1,30,34,45,82,199,644
484 0,1,2,12,38
485 0,1
486 0,1,3,5,21,24,36,44,63,140
487 0,1,2,11,12
488 0,1,4,36
489 0,1,2,191,310,416
490 0,1,30,69,430,606
491 0,1,3,44
492 0,1
493 0,1,144
494 0,1
495 0,1
496 0,1,2,53
497 0,1
498 0,1
499 0,1,7
500 0,1,18,29,188
501 0,1,3,6,36,232,586
502 0,1,2,3,5,10,11,14,385
503 0,1,15
504 0,1,3,8,27,29,44,55,64,244,600
505 0,1,5,25,245,454
506 0,1,13,22,36,69,106
507 0,1,7,29,57,75,458
508 0,1
509 0,1,3,15,83
510 0,1,3,414
511 0,1,10,11,13,15,61,102
512 0,1,2,21,24,39,533
513 0,1,3,12,45,103,107,115,299
514 0,1,8
515 0,1,14
516 0,1,36,42
517 0,1,5,15,332
518 0,1
519 0,1,21,30
520 0,1
521 0,1,5,12,13,38,62,98,150,174
522 0,1
523 0,1,6,9,75
524 0,1,6,9
525 0,1
526 0,1,7,57,84,304
527 0,1,2,10,26,31,192
528 0,1,12,13,14,496
529 0,1,4,8,25,47,59,436
530 0,1,8,65,113,177
531 0,1,3,15,32,541
532 0,1,3,23,39,127,192,237
533 0,1,2,5,157
534 0,1,4,7,30,56,99,151,287
535 0,1,18
536 0,1,2,9,164,572
537 0,1,4,163
538 0,1
539 0,1
540 0,1,9,33,483
541 0,1,26
542 0,1
543 0,1
544 0,1,27,28
545 0,1
546 0,1,41,44,286
547 0,1,59,64,107
548 0,1,61,108,370
549 0,1,8,14,164,365
550 0,1,12
551 0,1,3,13,27,35,178,273,454
552 0,1,67
553 0,1,2,121,352
554 0,1,23,31,39,192,571
555 0,1,8
556 0,1,2,10,19,38
557 0,1,195
558 0,1,2,30,71
559 0,1,10
560 0,1,29,39
561 0,1,3,4,5,30,51,562
562 0,1,11
563 0,1
564 0,1,8,117,139,151,234
565 0,1,16
566 0,1,5
567 0,1
568 0,1,3,46,96
569 0,1,14,42,160
570 0,1,13
571 0,1,2,3,8,12,84
572 0,1,5,83,117,529
573 0,1,2
574 0,1,13
575 0,1,14,36
576 0,1,4,5,6,32,38,68,75,105,106,162
577 0,1,19
578 0,1,2,15
579 0,1,2,213,396
580 0,1,13,37
581 0,1,14
582 0,1,33,68,415
583 0,1,95,152
584 0,1
585 0,1
586 0,1,8
587 0,1
588 0,1,5,364
589 0,1,193,399
590 0,1,219
591 0,1,107,421
592 0,1
593 0,1,109,296
594 0,1,4
595 0,1,7,13,48,86,181,291,336
596 0,1,38,110,341
597 0,1
598 0,1,18
599 0,1,16,197,273
600 0,1,2,5,13,54,158,285
601 0,1,4,5,6,31,39,56,83,86,90,106,111,238
602 0,1,2,5,8,21,99,198,223
603 0,1,217,289
604 0,1
605 0,1,17,19,31,75
606 0,1,5,22,112,254
607 0,1
608 0,1,2,34,82
609 0,1,2,15,65,204
610 0,1,20,76,202,643
611 0,1
612 0,1
613 0,1,11
614 0,1,27
615 0,1,58
616 0,1,2,5,7,114,261
617 0,1
618 0,1,29,195,527
619 0,1,2,4,10,21,292
620 0,1,3,88
621 0,1
622 0,1
623 0,1,2,12,23,51
624 0,1,2
625 0,1,4,7,21,35,224
626 0,1,9,85,410
627 0,1,23
628 0,1,27
629 0,1,449
630 0,1,2,6,21
631 0,1,2,11,15
632 0,1,20
633 0,1,4
634 0,1
635 0,1,4,99,139
636 0,1,16
637 0,1
638 0,1
639 0,1,120
640 0,1
641 0,1
642 0,1
643 0,1
644 0,1,2,10,26
645 0,1,10,282
646 0,1,13,545
647 0,1
648 0,1,9,27,36,42
649 0,1
650 0,1,8,36,52
651 0,1,2,4,49
652 0,1,10
653 0,1,2,10,17,24,185
654 0,1,2,4,6,13,30,142,208,250
655 0,1,118,126
656 0,1,3
657 0,1,2,11
658 0,1,2,5,8,26,141,184,570
659 0,1,14,17,19,75,83,147
660 0,1,2,5,19,36
661 0,1,44
662 0,1,22
663 0,1,229
664 0,1,140,459,468
665 0,1,25
666 0,1
667 0,1,20
668 0,1,3,81
669 0,1
670 0,1,7,261
671 0,1
672 0,1
673 0,1
674 0,1,431
675 0,1,12,41,426
676 0,1,452
677 0,1,2
678 0,1,13,27
679 0,1,7
680 0,1,2,10,23,25,85,121,168,215,237,284,450
681 0,1,12,28,29,67,74,82,112,463
682 0,1,2,4,33,56,468
683 0,1,3
684 0,1,16,29
685 0,1,13
686 0,1
687 0,1
688 0,1,4,68,160,246,260,565
689 0,1,4,90,416
690 0,1
691 0,1,2,5,14,22,298,392
692 0,1,8,196
693 0,1,17,162,422
694 0,1
695 0,1,17,64
696 0,1
697 0,1
698 0,1,253
699 0,1,130
700 0,1,2
701 0,1,16,27
702 0,1,14,258
703 0,1,54,193
704 0,1,3,15,603
705 0,1
706 0,1,30
707 0,1,130
708 0,1
709 0,1,7,10,28
710 0,1,4,7
711 0,1,4,616
712 0,1,7,8,55,73
713 0,1
714 0,1,13,98,122,168,583
715 0,1
716 0,1,14
717 0,1,2,6,7,10,44,102
718 0,1
719 0,1,28,29,32,91
720 0,1,2,42,275
721 0,1,22,33,58,101,263
722 0,1,20,75,102,214
723 0,1,28,73
724 0,1,2,4,6,7,8,21,22,25,32
725 0,1,28
726 0,1,38
727 0,1,2,90
728 0,1,3,7,30
729 0,1,50
730 0,1,299,403
731 0,1,81
732 0,1
733 0,1,26,71
734 0,1,87
735 0,1
736 0,1,9,28,620
737 0,1
738 0,1
739 0,1,11,298
740 0,1
741 0,1,191
742 0,1
743 0,1,11
744 0,1,4,36,68,74,333,394
745 0,1,72
746 0,1
747 0,1,2
748 0,1,2,33,228
749 0,1
750 0,1,3,9,125
751 0,1,3,7,8,13
752 0,1,163,591
753 0,1
754 0,1,224
755 0,1,3,5,44
756 0,1
757 0,1,2,7,12,29,34,121,135
758 0,1,36
759 0,1,14
760 0,1
761 0,1,26
762 0,1
763 0,1,4,5,9,31,68,283,359
764 0,1,48,76
765 0,1
766 0,1,124,134
767 0,1,4,94
768 0,1,2,56
769 0,1
770 0,1,138
771 0,1
772 0,1
773 0,1
774 0,1,5,10
775 0,1,15
776 0,1
777 0,1
778 0,1
779 0,1,16
780 0,1
781 0,1
782 0,1
783 0,1,43
784 0,1,42,126
785 0,1,4,13
786 0,1,16
787 0,1,30
788 0,1,13,243
789 0,1
790 0,1,10
791 0,1,21,28
792 0,1,2,8,14,24,26,37,73
793 0,1,7,12,28
794 0,1
795 0,1,36,143,186,448
796 0,1,13
797 0,1
798 0,1,27
799 0,1,3,25,187
800 0,1,4,9,248
801 0,1,2,5,9
802 0,1,41
803 0,1,2,6,101
804 0,1,70,190
805 0,1,2
806 0,1
807 0,1,114
808 0,1
809 0,1,15,104
810 0,1,77
811 0,1,13,24
812 0,1,10,17,37
813 0,1,2,3,4,123,191,488
814 0,1,2,4,7,8,14,56
815 0,1,30,79,113
816 0,1,3,208,314,379
817 0,1,471
818 0,1,14,17,70,444,635
819 0,1
820 0,1
821 0,1,7,16,112,390
822 0,1
823 0,1,8,15
824 0,1,2,8
825 0,1
826 0,1,4,28
827 0,1,10,23
828 0,1,13,227
829 0,1,7,26
830 0,1,79,315
831 0,1,9
832 0,1
833 0,1
834 0,1,3,4,47,50,123,289,488
835 0,1,7,304
836 0,1
837 0,1,2,10
838 0,1,2,5,27
839 0,1,23,67,73,234
840 0,1,2,23,113,167,168
841 0,1,2,8,17,24,25,31,47,53,86,103,129,324
842 0,1,11,25,139
843 0,1,473
844 0,1,6,21,71,581
845 0,1,189,350,609
846 0,1
847 0,1
848 0,1,138
849 0,1,5,57,74,179
850 0,1,7,39
851 0,1,3,5,48
852 0,1,2,87
853 0,1,8,274
854 0,1,7,28,38,147,266
855 0,1,52,88,115
856 0,1
857 0,1,5
858 0,1,4,286,558
859 0,1,20
860 0,1
861 0,1
862 0,1
863 0,1,29
864 0,1,2,163
865 0,1
866 0,1
867 0,1,2
868 0,1,8,23,28
869 0,1
870 0,1
871 0,1,16
872 0,1,3,5,386
873 0,1,60
874 0,1,5,339,594
875 0,1,25,102,116
876 0,1
877 0,1,35,317
878 0,1
879 0,1,9
880 0,1
881 0,1,44
882 0,1,87
883 0,1,4,16,31
884 0,1,13
885 0,1
886 0,1,142
887 0,1,19,40,81
888 0,1,31
889 0,1,114
890 0,1,30
891 0,1,4,6,587
892 0,1,14,50,155,245
893 0,1
894 0,1,8
895 0,1,2,4,6,7,38,120,227,521
896 0,1,17,94,103
897 0,1,69
898 0,1,12,108
899 0,1,2
900 0,1,23
901 0,1,2,11,22
902 0,1,33,58,82
903 0,1,13,27,553
904 0,1,14,178
905 0,1,113
906 0,1,2,22,79
907 0,1,2,104
908 0,1,15
909 0,1,19
910 0,1,7,40
911 0,1,4,13,558
912 0,1,4,41,47,105
913 0,1
914 0,1,4,74,193,216
915 0,1
916 0,1
917 0,1
918 0,1
919 0,1
920 0,1,3,184
921 0,1,2
922 0,1
923 0,1,8,548
924 0,1,7,22,518
925 0,1
926 0,1
927 0,1,20
928 0,1,2
929 0,1,2,32,40,84,133,470
930 0,1
931 0,1,308
932 0,1
933 0,1
934 0,1
935 0,1
936 0,1
937 0,1
938 0,1,200,397
939 0,1
940 0,1
941 0,1
942 0,1,41
943 0,1,4,16,145
944 0,1
945 0,1,31,36,78,89
946 0,1,8,10,81,436,457
947 0,1,117,131,176
948 0,1,626
949 0,1,141
950 0,1
951 0,1,11
952 0,1,2,3,15,40,592
953 0,1,45,62,96,156
954 0,1,2,16,99,194
955 0,1
956 0,1
957 0,1
958 0,1,7,55,78
959 0,1,2,420
960 0,1,28
961 0,1,8
962 0,1
963 0,1,2,4,167,231
964 0,1,15,18,95
965 0,1,10,48,80
966 0,1,2,7
967 0,1,5,14
968 0,1,37,80
969 0,1
970 0,1,14,175
971 0,1,25,216
972 0,1,3
973 0,1,10,37
974 0,1,7,25
975 0,1,41,47,50,135,220,270,534
976 0,1,485
977 0,1
978 0,1,43
979 0,1
980 0,1,338
981 0,1
982 0,1
983 0,1
984 0,1,53,282
985 0,1
986 0,1,2
987 0,1,65,113,177,621
988 0,1,4
989 0,1
990 0,1
991 0,1
992 0,1,2
993 0,1
994 0,1
995 0,1,3,18
996 0,1,414
997 0,1
998 0,1
999 0,1,69
1000 0,1,2,59
1001 0,1
1002 0,1
1003 0,1
1004 0,1,41
1005 0,1,9,13,33
1006 0,1,7,8,15,21
1007 0,1
1008 0,1
1009 0,1,4
1010 0,1,4,13,25,26
1011 0,1
1012 0,1,68,129
1013 0,1,2,3,7
1014 0,1,10
1015 0,1,12,54
1016 0,1
1017 0,1,34,457
1018 0,1,22,66,278
1019 0,1
1020 0,1,14,18,50,61,242
1021 0,1,17,112,326
1022 0,1,12
1023 0,1,7,10,13,25,47,120,260,621
1024 0,1
1025 0,1,18
1026 0,1,21
1027 0,1,2,49
1028 0,1,7
1029 0,1,58,627
1030 0,1,3,30
1031 0,1,2,6,11,22,25,53,135
1032 0,1,6
1033 0,1,2
1034 0,1,7
1035 0,1,2
1036 0,1,18,29,119
1037 0,1,438
1038 0,1,7,8
1039 0,1
1040 0,1,91
1041 0,1
1042 0,1,8,54,99
1043 0,1,2,4,516
1044 0,1,2
1045 0,1,7,25,170
1046 0,1
1047 0,1,248
1048 0,1,8
1049 0,1,27,259
1050 0,1
1051 0,1
1052 0,1
1053 0,1
1054 0,1
1055 0,1
1056 0,1
1057 0,1
1058 0,1,7,8,45
1059 0,1,2
1060 0,1,12,34
1061 0,1
1062 0,1,17
1063 0,1
1064 0,1,25
1065 0,1
1066 0,1
1067 0,1
1068 0,1
1069 0,1
1070 0,1,6,78
1071 0,1
1072 0,1,2,85
1073 0,1,21,24
1074 0,1,10,12,14,48,61,220
1075 0,1
1076 0,1
1077 0,1,13,90
1078 0,1,204
1079 0,1
1080 0,1,2,368
1081 0,1,2,189
1082 0,1
1083 0,1,27
1084 0,1,36,68,99
1085 0,1,2,102
1086 0,1
1087 0,1
1088 0,1
1089 0,1,9,216,269
1090 0,1,3,5
1091 0,1
1092 0,1,5
1093 0,1,2,14,20,49
1094 0,1,20,23,56,91
1095 0,1,2,18
1096 0,1,13,48,67,181
1097 0,1
1098 0,1,6,207
1099 0,1
1100 0,1,83
1101 0,1,2,223
1102 0,1,103,286,294
1103 0,1,2,5,8,9,11,21,30,50,66,77,96,157
1104 0,1,2,13,385
1105 0,1,3,321
1106 0,1
1107 0,1,2,32,48
1108 0,1
1109 0,1,2,5,7,8,30
1110 0,1,196,227
1111 0,1,14
1112 0,1,54
1113 0,1,25,68,76
1114 0,1,2,26,265
1115 0,1,37,141
1116 0,1,19
1117 0,1,51
1118 0,1
1119 0,1,2,611
1120 0,1,29
1121 0,1,2
1122 0,1
1123 0,1,2,26
1124 0,1
1125 0,1
1126 0,1,2,7,25,45,47
1127 0,1,17,18
1128 0,1,40
1129 0,1
1130 0,1
1131 0,1
1132 0,1,16
1133 0,1,132,252
1134 0,1
1135 0,1,10
1136 0,1,25,475
1137 0,1
1138 0,1,7,13,82
1139 0,1
1140 0,1
1141 0,1
1142 0,1,10,12,14,48,61,220
1143 0,1,15
1144 0,1
1145 0,1
1146 0,1,2,10,19
1147 0,1,43,108,350
1148 0,1,89,356
1149 0,1
1150 0,1,26,71
1151 0,1,15
1152 0,1,16
1153 0,1,3
1154 0,1
1155 0,1,25,55
1156 0,1,4,18
1157 0,1,2,15
1158 0,1
1159 0,1,3
1160 0,1,35,63
1161 0,1
1162 0,1
1163 0,1,11
1164 0,1
1165 0,1
1166 0,1
1167 0,1,2,45,63,178
1168 0,1,212
1169 0,1
1170 0,1
1171 0,1,12,18
1172 0,1,243
1173 0,1,6,32,470
1174 0,1
1175 0,1,8,24
1176 0,1,10,119
1177 0,1
1178 0,1,26,247
1179 0,1,42
1180 0,1
1181 0,1,5,20,111
1182 0,1
1183 0,1,2
1184 0,1
1185 0,1
1186 0,1
1187 0,1,125
1188 0,1
1189 0,1,157
1190 0,1,98,134
1191 0,1
1192 0,1,2,78,145
1193 0,1,14
1194 0,1
1195 0,1,41,44
1196 0,1,2,3,22
1197 0,1,29,36
1198 0,1,32
1199 0,1
1200 0,1,141,162,177
1201 0,1,44,160
1202 0,1,27
1203 0,1
1204 0,1,61
1205 0,1,35,210
1206 0,1,26,348
1207 0,1,2,56,323
1208 0,1
1209 0,1,27
1210 0,1
1211 0,1,3,8,14,54,95
1212 0,1
1213 0,1,2,16
1214 0,1
1215 0,1,2,158
1216 0,1,6,8
1217 0,1,4,145
1218 0,1,2,21
1219 0,1
1220 0,1,40
1221 0,1,12
1222 0,1,75,396
1223 0,1
1224 0,1,2,166
1225 0,1
1226 0,1,2,78
1227 0,1,223
1228 0,1
1229 0,1
1230 0,1
1231 0,1,16
1232 0,1
1233 0,1
1234 0,1,3
1235 0,1
1236 0,1,118
1237 0,1
1238 0,1,16
1239 0,1
1240 0,1
1241 0,1
1242 0,1
1243 0,1
1244 0,1
1245 0,1
1246 0,1
1247 0,1
1248 0,1
1249 0,1,58,302
1250 0,1,28,30
1251 0,1,25
1252 0,1,212
1253 0,1
1254 0,1,2,164
1255 0,1,14,471
1256 0,1
1257 0,1
1258 0,1
1259 0,1,4
1260 0,1,2,4,10,23,28
1261 0,1,2
1262 0,1
1263 0,1,26
1264 0,1,2
1265 0,1,140
1266 0,1,7,13
1267 0,1
1268 0,1
1269 0,1,2
1270 0,1,55,533
1271 0,1
1272 0,1,3,44,273
1273 0,1,7,18,114,216
1274 0,1,8,16
1275 0,1
1276 0,1,183
1277 0,1,45
1278 0,1
1279 0,1,113
1280 0,1,2
1281 0,1
1282 0,1,130,142
1283 0,1
1284 0,1,3,4,44
1285 0,1
1286 0,1
1287 0,1
1288 0,1,8,25,129,376
1289 0,1,2,84,116,133,136,354
1290 0,1,4,7
1291 0,1,9,28
1292 0,1
1293 0,1
1294 0,1,2,84
1295 0,1,2,19
1296 0,1,2
1297 0,1,5,42,48,66,111,199
1298 0,1
1299 0,1,2,3
1300 0,1,410
1301 0,1,10,84
1302 0,1,5
1303 0,1
1304 0,1,37
1305 0,1,33
1306 0,1,42
1307 0,1
1308 0,1
1309 0,1,2,27,85
1310 0,1
1311 0,1,178
1312 0,1
1313 0,1,6
1314 0,1,8,146,176,548
1315 0,1
1316 0,1
1317 0,1,27
1318 0,1
1319 0,1,31
1320 0,1,20,30,49,526
1321 0,1,54
1322 0,1,579
1323 0,1
1324 0,1,38,270,320
1325 0,1,37,422
1326 0,1,318
1327 0,1,26
1328 0,1,10
1329 0,1,7,8,45,59,441,579
1330 0,1
1331 0,1
1332 0,1
1333 0,1,49
1334 0,1,2
1335 0,1,82,203
1336 0,1
1337 0,1
1338 0,1,2
1339 0,1,8,18,20,239
1340 0,1
1341 0,1,2,35,63
1342 0,1
1343 0,1,87
1344 0,1,2,10
1345 0,1
1346 0,1,34,259
1347 0,1
1348 0,1,45
1349 0,1,127
1350 0,1,48
1351 0,1,4
1352 0,1
1353 0,1
1354 0,1
1355 0,1,10,119,589
1356 0,1,7,58
1357 0,1,17,43,71
1358 0,1
1359 0,1
1360 0,1
1361 0,1
1362 0,1,110
1363 0,1
1364 0,1
1365 0,1
1366 0,1
1367 0,1,93
1368 0,1
1369 0,1
1370 0,1,58
1371 0,1,52
1372 0,1
1373 0,1
1374 0,1,244
1375 0,1
1376 0,1
1377 0,1
1378 0,1
1379 0,1
1380 0,1
1381 0,1,7
1382 0,1
1383 0,1
1384 0,1
1385 0,1
1386 0,1,95
1387 0,1
1388 0,1
1389 0,1,16,74
1390 0,1
1391 0,1,38
1392 0,1
1393 0,1
1394 0,1,7,13,82
1395 0,1
1396 0,1
1397 0,1
1398 0,1,587,589
1399 0,1,18,33,166,328
1400 0,1,22,26,71
1401 0,1
1402 0,1
1403 0,1
1404 0,1
1405 0,1
1406 0,1,24
1407 0,1
1408 0,1,2,19
1409 0,1,22,278
1410 0,1
1411 0,1,5,13,464
1412 0,1,14
1413 0,1,64
1414 0,1,28
1415 0,1,32
1416 0,1
1417 0,1
1418 0,1,95
1419 0,1,11,210
1420 0,1,4,9,58,64
1421 0,1,4,23,74,99,557
1422 0,1,2
1423 0,1,4,125
1424 0,1,2,24
1425 0,1
1426 0,1
1427 0,1
1428 0,1
1429 0,1
1430 0,1
1431 0,1,80
1432 0,1
1433 0,1
1434 0,1,59
1435 0,1,14,16,35,442
1436 0,1
1437 0,1
1438 0,1
1439 0,1,37
1440 0,1,4,442
1441 0,1,5,12,22,111,199
1442 0,1
1443 0,1
1444 0,1
1445 0,1,2,235
1446 0,1,109
1447 0,1
1448 0,1,17
1449 0,1,35
1450 0,1
1451 0,1,3,4,60,144
1452 0,1,55
1453 0,1,8
1454 0,1
1455 0,1,2,624
1456 0,1,22
1457 0,1,2
1458 0,1
1459 0,1,17
1460 0,1,18,111,199,343
1461 0,1,10,71,78
1462 0,1,9,151
1463 0,1
1464 0,1
1465 0,1,7,29
1466 0,1
1467 0,1,2,13,231
1468 0,1,8
1469 0,1,18,25
1470 0,1
1471 0,1
1472 0,1
1473 0,1,25
1474 0,1
1475 0,1
1476 0,1
1477 0,1,2
1478 0,1,58
1479 0,1
1480 0,1,2
1481 0,1
1482 0,1
1483 0,1,138
1484 0,1
1485 0,1
1486 0,1
1487 0,1
1488 0,1
1489 0,1
1490 0,1,612
1491 0,1
1492 0,1,20
1493 0,1
1494 0,1
1495 0,1
1496 0,1
1497 0,1
1498 0,1,9,167,171
1499 0,1
1500 0,1,10,65,116
1501 0,1,2,10
1502 0,1
1503 0,1,27
1504 0,1,215
1505 0,1,311
1506 0,1,4,9,11,36,38,157,198
1507 0,1
1508 0,1
1509 0,1
1510 0,1
1511 0,1,78
1512 0,1
1513 0,1,8,71
1514 0,1
1515 0,1,18,123
1516 0,1
1517 0,1,13,18,123
1518 0,1
1519 0,1
1520 0,1
1521 0,1
1522 0,1
1523 0,1
1524 0,1,154
1525 0,1,10
1526 0,1
1527 0,1,16
1528 0,1
1529 0,1,19
1530 0,1
1531 0,1,7,52,514
1532 0,1,257
1533 0,1
1534 0,1,19
1535 0,1
1536 0,1,30,544
1537 0,1
1538 0,1,14
1539 0,1,535
1540 0,1
1541 0,1
1542 0,1
1543 0,1
1544 0,1
1545 0,1,3,622
1546 0,1
1547 0,1
1548 0,1
1549 0,1,2,45,48,57,549
1550 0,1
1551 0,1
1552 0,1
1553 0,1
1554 0,1,162
1555 0,1,25
1556 0,1,5,126,570
1557 0,1,61,239
1558 0,1,14,16,35
1559 0,1,44
1560 0,1,30,45,161
1561 0,1
1562 0,1,37
1563 0,1,15,134
1564 0,1,81,361,556
1565 0,1
1566 0,1,28
1567 0,1,8,24,59
1568 0,1,5,111,199
1569 0,1,2
1570 0,1,2
1571 0,1
1572 0,1,3,262
1573 0,1,49
1574 0,1,44
1575 0,1
1576 0,1,179
1577 0,1
1578 0,1
1579 0,1,3,6,7
1580 0,1,92
1581 0,1,93
1582 0,1,100
1583 0,1,166
1584 0,1,5,13
1585 0,1
1586 0,1,69
1587 0,1,202
1588 0,1,3
1589 0,1,2
1590 0,1,16,87
1591 0,1,14
1592 0,1,2,19,34,38,120,521
1593 0,1,103
1594 0,1
1595 0,1,120,163,613
1596 0,1
1597 0,1,12,24,151
1598 0,1,17
1599 0,1,253
1600 0,1,267
1601 0,1,16
1602 0,1,15
1603 0,1
1604 0,1
1605 0,1,12,19,115
1606 0,1,6,10,18,272
1607 0,1,3
1608 0,1,26,567
1609 0,1,89
1610 0,1
1611 0,1
1612 0,1
1613 0,1
1614 0,1,13,119
1615 0,1
1616 0,1
1617 0,1
1618 0,1
1619 0,1
1620 0,1
1621 0,1
1622 0,1,137
1623 0,1,208
1624 0,1
1625 0,1,10
1626 0,1,2
1627 0,1
1628 0,1
1629 0,1,20
1630 0,1
1631 0,1
1632 0,1,17
1633 0,1
1634 0,1
1635 0,1
1636 0,1
1637 0,1
1638 0,1
1639 0,1,187
1640 0,1,13
1641 0,1
1642 0,1
1643 0,1,9,10
1644 0,1,2
1645 0,1
1646 0,1,2,12,18,19,161
1647 0,1
1648 0,1
1649 0,1
1650 0,1
1651 0,1
1652 0,1
1653 0,1
1654 0,1
1655 0,1
1656 0,1
1657 0,1
1658 0,1
1659 0,1,16
1660 0,1
1661 0,1,212
1662 0,1
1663 0,1
1664 0,1
1665 0,1,7,8
1666 0,1,12,137,472
1667 0,1
1668 0,1,188
1669 0,1,2,16,71
1670 0,1,339
1671 0,1,2,32
1672 0,1
1673 0,1,5
1674 0,1
1675 0,1
1676 0,1,16,28
1677 0,1
1678 0,1
1679 0,1
1680 0,1
1681 0,1
1682 0,1,8,28
1683 0,1,21,26
1684 0,1
1685 0,1
1686 0,1
1687 0,1
1688 0,1,13
1689 0,1,2,96,140,344
1690 0,1,19
1691 0,1,9,42
1692 0,1
1693 0,1,7,52
1694 0,1
1695 0,1
1696 0,1
1697 0,1
1698 0,1
1699 0,1
1700 0,1
1701 0,1,110
1702 0,1
1703 0,1,2,10,56
1704 0,1,277
1705 0,1
1706 0,1,51
1707 0,1,56,92
1708 0,1
1709 0,1
1710 0,1,82
1711 0,1,8,12,18,32,185
1712 0,1,41
1713 0,1
1714 0,1
1715 0,1,14
1716 0,1
1717 0,1
1718 0,1,2
1719 0,1
1720 0,1,31
1721 0,1
1722 0,1
1723 0,1,16,17
1724 0,1,53,54
1725 0,1,40
1726 0,1,7,20
1727 0,1,2,3,4,12,43,73,79,107,294,402
1728 0,1
1729 0,1
1730 0,1,15,134,151
1731 0,1
1732 0,1
1733 0,1
1734 0,1
1735 0,1
1736 0,1
1737 0,1,23,45,68,252,614
1738 0,1
1739 0,1,2
1740 0,1,2,3
1741 0,1,2
1742 0,1
1743 0,1
1744 0,1,2
1745 0,1,19,114
1746 0,1,92,132
1747 0,1,110,307
1748 0,1
1749 0,1,4
1750 0,1,3,7,39
1751 0,1
1752 0,1,42
1753 0,1,12,101
1754 0,1,3,23
1755 0,1,31,56,83,183,233,238
1756 0,1,8,9,25
1757 0,1,2
1758 0,1
1759 0,1,15,46,405
1760 0,1,2
1761 0,1,2
1762 0,1,4,80
1763 0,1,137
1764 0,1
1765 0,1,2,14
1766 0,1,65,73,96,232,284
1767 0,1,511
1768 0,1,2
1769 0,1
1770 0,1,29,59,147
1771 0,1,4
1772 0,1,80
1773 0,1,153
1774 0,1
1775 0,1,7
1776 0,1
1777 0,1
1778 0,1
1779 0,1,7,28,38,63
1780 0,1,13,45
1781 0,1
1782 0,1
1783 0,1
1784 0,1,98
1785 0,1
1786 0,1
1787 0,1,61
1788 0,1,6,10
1789 0,1,17,26,33,43,67,619
1790 0,1
1791 0,1,71
1792 0,1
1793 0,1
1794 0,1,10,21,24,37
1795 0,1
1796 0,1
1797 0,1
1798 0,1
1799 0,1
1800 0,1,36
1801 0,1,251
1802 0,1
1803 0,1
1804 0,1,36
1805 0,1,2
1806 0,1
1807 0,1
1808 0,1
1809 0,1
1810 0,1
1811 0,1
1812 0,1
1813 0,1,87
1814 0,1,66
1815 0,1,20,78
1816 0,1
1817 0,1
1818 0,1,511
1819 0,1,2
1820 0,1
1821 0,1
1822 0,1
1823 0,1
1824 0,1
1825 0,1
1826 0,1
1827 0,1,2,26
1828 0,1
1829 0,1
1830 0,1
1831 0,1
1832 0,1
1833 0,1
1834 0,1
1835 0,1,7,186
1836 0,1
1837 0,1
1838 0,1
1839 0,1
1840 0,1,2
1841 0,1
1842 0,1,11
1843 0,1,288
1844 0,1
1845 0,1,14,75
1846 0,1
1847 0,1
1848 0,1
1849 0,1
1850 0,1
1851 0,1
1852 0,1,237
1853 0,1,16
1854 0,1,3,573
1855 0,1,33
1856 0,1,16,220
1857 0,1,16
1858 0,1
1859 0,1
1860 0,1
1861 0,1,9
1862 0,1,25,143
1863 0,1,10
1864 0,1,2,32
1865 0,1
1866 0,1,2,16
1867 0,1,7,38,150
1868 0,1
1869 0,1
1870 0,1
1871 0,1,31
1872 0,1,77
1873 0,1
1874 0,1
1875 0,1
1876 0,1,61
1877 0,1
1878 0,1
1879 0,1,20
1880 0,1
1881 0,1
1882 0,1
1883 0,1
1884 0,1
1885 0,1,7,14
1886 0,1,13,209
1887 0,1,10
1888 0,1
1889 0,1,11
1890 0,1,16
1891 0,1
1892 0,1,497
1893 0,1,266
1894 0,1
1895 0,1,509
1896 0,1,66
1897 0,1
1898 0,1
1899 0,1,7,22,518,629
1900 0,1,467
1901 0,1
1902 0,1
1903 0,1,4
1904 0,1
1905 0,1,16
1906 0,1
1907 0,1,27
1908 0,1
1909 0,1,5
1910 0,1
1911 0,1,13,45
1912 0,1
1913 0,1
1914 0,1,241
1915 0,1
1916 0,1,2
1917 0,1
1918 0,1,3,4,47,294
1919 0,1,61,121
1920 0,1
1921 0,1
1922 0,1,16
1923 0,1
1924 0,1,347,503
1925 0,1
1926 0,1,4
1927 0,1,19
1928 0,1
1929 0,1
1930 0,1,7
1931 0,1,4,7,31,38,77
1932 0,1,18
1933 0,1,41
1934 0,1
1935 0,1
1936 0,1
1937 0,1
1938 0,1
1939 0,1
1940 0,1,207
1941 0,1
1942 0,1
1943 0,1,12
1944 0,1,165
1945 0,1,165
1946 0,1,343
1947 0,1,19
1948 0,1,8,30
1949 0,1,6,59
1950 0,1,232
1951 0,1
1952 0,1
1953 0,1
1954 0,1
1955 0,1
1956 0,1,81
1957 0,1
1958 0,1
1959 0,1,57
1960 0,1
1961 0,1
1962 0,1,4
1963 0,1,21
1964 0,1,2,32,66
1965 0,1,2,238
1966 0,1
1967 0,1
1968 0,1,13,42
1969 0,1,54,63,257
1970 0,1
1971 0,1
1972 0,1,23
1973 0,1
1974 0,1,4
1975 0,1
1976 0,1
1977 0,1
1978 0,1
1979 0,1,3,6
1980 0,1,117
1981 0,1,2,15
1982 0,1
1983 0,1
1984 0,1,7
1985 0,1,25
1986 0,1,4
1987 0,1
1988 0,1
1989 0,1
1990 0,1
1991 0,1,356
1992 0,1,18
1993 0,1,14
1994 0,1
1995 0,1
1996 0,1
1997 0,1,4,27
1998 0,1,2
1999 0,1,2
2000 0,1,348
2001 0,1
2002 0,1,7,12
2003 0,1
2004 0,1
2005 0,1
2006 0,1,5,13,52
2007 0,1,142
2008 0,1
2009 0,1
2010 0,1
2011 0,1
2012 0,1
2013 0,1,2,110,129,249
2014 0,1,2,16
2015 0,1
2016 0,1
2017 0,1
2018 0,1,7,61
2019 0,1
2020 0,1,2
2021 0,1
2022 0,1,602
2023 0,1
2024 0,1,2,65
2025 0,1
2026 0,1
2027 0,1
2028 0,1
2029 0,1
2030 0,1,2,19
2031 0,1
2032 0,1,3,6
2033 0,1
2034 0,1,7,25
2035 0,1
2036 0,1,8
2037 0,1,20,34,139
2038 0,1,2,103,334
2039 0,1
2040 0,1
2041 0,1
2042 0,1,359
2043 0,1,137,472
2044 0,1,507
2045 0,1
2046 0,1
2047 0,1
2048 0,1,424
2049 0,1
2050 0,1,136
2051 0,1
2052 0,1,296
2053 0,1
2054 0,1
2055 0,1
2056 0,1
2057 0,1,7
2058 0,1
2059 0,1
2060 0,1
2061 0,1
2062 0,1,70
2063 0,1
2064 0,1
2065 0,1,2,4
2066 0,1
2067 0,1
2068 0,1,18
2069 0,1,55
2070 0,1
2071 0,1
2072 0,1
2073 0,1,8
2074 0,1
2075 0,1,16
2076 0,1
2077 0,1
2078 0,1
2079 0,1
2080 0,1,44
2081 0,1
2082 0,1
2083 0,1,171
2084 0,1,43,171
2085 0,1
2086 0,1
2087 0,1
2088 0,1
2089 0,1
2090 0,1
2091 0,1
2092 0,1
2093 0,1,19
2094 0,1
2095 0,1
2096 0,1
2097 0,1
2098 0,1
2099 0,1
2100 0,1
2101 0,1
2102 0,1,2
2103 0,1,2,3,86,292
2104 0,1
2105 0,1
2106 0,1
2107 0,1
2108 0,1
2109 0,1
2110 0,1
2111 0,1
2112 0,1
2113 0,1
2114 0,1
2115 0,1,7
2116 0,1
2117 0,1
2118 0,1
2119 0,1
2120 0,1
2121 0,1,26
2122 0,1,59
2123 0,1
2124 0,1
2125 0,1
2126 0,1
2127 0,1,7,13
2128 0,1
2129 0,1,19
2130 0,1,209
2131 0,1
2132 0,1
2133 0,1
2134 0,1
2135 0,1,2
2136 0,1
2137 0,1
2138 0,1,2,14
2139 0,1,2
2140 0,1,491
2141 0,1
2142 0,1
2143 0,1
2144 0,1
2145 0,1,20,240
2146 0,1,8
2147 0,1,81,214
2148 0,1
2149 0,1
2150 0,1,2,536
2151 0,1
2152 0,1
2153 0,1
2154 0,1
2155 0,1
2156 0,1,52
2157 0,1,165
2158 0,1
2159 0,1
2160 0,1
2161 0,1
2162 0,1
2163 0,1
2164 0,1,4
2165 0,1
2166 0,1
2167 0,1,56
2168 0,1,13,23,637
2169 0,1,2,26,36
2170 0,1
2171 0,1
2172 0,1,70
2173 0,1,445
2174 0,1
2175 0,1
2176 0,1,50
2177 0,1
2178 0,1,16
2179 0,1
2180 0,1
2181 0,1
2182 0,1,2,297
2183 0,1,84
2184 0,1
2185 0,1
2186 0,1,34,99,611
2187 0,1,28,63
2188 0,1
2189 0,1,118
2190 0,1,165
2191 0,1,3,53
2192 0,1
2193 0,1
2194 0,1,14
2195 0,1
2196 0,1,477
2197 0,1
2198 0,1
2199 0,1,2
2200 0,1,2
2201 0,1,326
2202 0,1
2203 0,1
2204 0,1
2205 0,1
2206 0,1,3,7,44,81,138
2207 0,1
2208 0,1
2209 0,1
2210 0,1
2211 0,1,79
2212 0,1
2213 0,1
2214 0,1
2215 0,1,11,24
2216 0,1
2217 0,1,31,52
2218 0,1
2219 0,1,2
2220 0,1
2221 0,1
2222 0,1,3,6,45
2223 0,1
2224 0,1
2225 0,1,38
2226 0,1,20
2227 0,1,44
2228 0,1
2229 0,1,89,141,177
2230 0,1
2231 0,1
2232 0,1,2
2233 0,1
2234 0,1
2235 0,1,13
2236 0,1
2237 0,1,8,303
2238 0,1
2239 0,1
2240 0,1
2241 0,1,3,4
2242 0,1,29
2243 0,1
2244 0,1
2245 0,1
2246 0,1,24
2247 0,1
2248 0,1
2249 0,1
2250 0,1,4
2251 0,1
2252 0,1,13,98
2253 0,1
2254 0,1
2255 0,1
2256 0,1
2257 0,1,128,167
2258 0,1,35,128,516
2259 0,1
2260 0,1
2261 0,1,71
2262 0,1,3
2263 0,1,4
2264 0,1,218
2265 0,1,7
2266 0,1
2267 0,1
2268 0,1
2269 0,1
2270 0,1
2271 0,1
2272 0,1,2
2273 0,1
2274 0,1
2275 0,1
2276 0,1,2
2277 0,1
2278 0,1
2279 0,1
2280 0,1
2281 0,1
2282 0,1,13,38
2283 0,1
2284 0,1,193
2285 0,1,88,404
2286 0,1
2287 0,1
2288 0,1
2289 0,1
2290 0,1,2,72
2291 0,1
2292 0,1
2293 0,1
2294 0,1,2
2295 0,1
2296 0,1
2297 0,1
2298 0,1,37
2299 0,1
2300 0,1,2
2301 0,1,56,79
2302 0,1,49
2303 0,1,27
2304 0,1
2305 0,1
2306 0,1
2307 0,1
2308 0,1
2309 0,1,72
2310 0,1,17
2311 0,1,100
2312 0,1
2313 0,1
2314 0,1,48
2315 0,1,167
2316 0,1,3,4
2317 0,1
2318 0,1
2319 0,1,3
2320 0,1
2321 0,1,449
2322 0,1
2323 0,1
2324 0,1
2325 0,1
2326 0,1,16
2327 0,1
2328 0,1,2
2329 0,1,4
2330 0,1
2331 0,1
2332 0,1,207
2333 0,1
2334 0,1,283,593
2335 0,1
2336 0,1
2337 0,1
2338 0,1
2339 0,1
2340 0,1,281
2341 0,1
2342 0,1
2343 0,1
2344 0,1,2
2345 0,1
2346 0,1,519
2347 0,1
2348 0,1
2349 0,1,371
2350 0,1,159
2351 0,1
2352 0,1
2353 0,1
2354 0,1,3,53
2355 0,1
2356 0,1
2357 0,1
2358 0,1,278
2359 0,1
2360 0,1
2361 0,1,8
2362 0,1
2363 0,1
2364 0,1
2365 0,1
2366 0,1
2367 0,1
2368 0,1
2369 0,1
2370 0,1,152
2371 0,1,463
2372 0,1,161
2373 0,1,28
2374 0,1
2375 0,1
2376 0,1
2377 0,1
2378 0,1,27,152
2379 0,1
2380 0,1
2381 0,1
2382 0,1
2383 0,1
2384 0,1,29,446
2385 0,1
2386 0,1
2387 0,1
2388 0,1
2389 0,1
2390 0,1,507
2391 0,1
2392 0,1
2393 0,1
2394 0,1
2395 0,1
2396 0,1,332
2397 0,1
2398 0,1,2
2399 0,1
2400 0,1
2401 0,1
2402 0,1
2403 0,1
2404 0,1,2
2405 0,1,37
2406 0,1
2407 0,1,2
2408 0,1
2409 0,1
2410 0,1
2411 0,1
2412 0,1
2413 0,1
2414 0,1
2415 0,1
2416 0,1
2417 0,1
2418 0,1,32
2419 0,1
2420 0,1
2421 0,1
2422 0,1,18,32
2423 0,1,186
2424 0,1,27
2425 0,1
2426 0,1
2427 0,1
2428 0,1,142
2429 0,1,71
2430 0,1
2431 0,1
2432 0,1,10,566
2433 0,1
2434 0,1,266,319
2435 0,1,9
2436 0,1,2
2437 0,1
2438 0,1
2439 0,1,14
2440 0,1,514
2441 0,1,16,101
2442 0,1
2443 0,1
2444 0,1
2445 0,1
2446 0,1
2447 0,1
2448 0,1,40
2449 0,1
2450 0,1
2451 0,1
2452 0,1
2453 0,1
2454 0,1
2455 0,1
2456 0,1
2457 0,1
2458 0,1
2459 0,1
2460 0,1,20
2461 0,1
2462 0,1
2463 0,1,28
2464 0,1,45,347,503
2465 0,1
2466 0,1
2467 0,1
2468 0,1
2469 0,1,8
2470 0,1
2471 0,1
2472 0,1
2473 0,1
2474 0,1,77,493
2475 0,1
2476 0,1,56
2477 0,1
2478 0,1
2479 0,1
2480 0,1
2481 0,1
2482 0,1
2483 0,1
2484 0,1,2
2485 0,1
2486 0,1
2487 0,1
2488 0,1
2489 0,1
2490 0,1
2491 0,1
2492 0,1
2493 0,1
2494 0,1
2495 0,1
2496 0,1,327
2497 0,1
2498 0,1
2499 0,1,447
2500 0,1
2501 0,1,18
2502 0,1
2503 0,1,9
2504 0,1
2505 0,1
2506 0,1
2507 0,1
2508 0,1,111
2509 0,1
2510 0,1,2,26,498
2511 0,1,148
2512 0,1,48
2513 0,1
2514 0,1
2515 0,1
2516 0,1
2517 0,1
2518 0,1
2519 0,1
2520 0,1
2521 0,1
2522 0,1
2523 0,1
2524 0,1
2525 0,1
2526 0,1
2527 0,1,4
2528 0,1
2529 0,1
2530 0,1
2531 0,1
2532 0,1,2,27
2533 0,1,2
2534 0,1
2535 0,1
2536 0,1
2537 0,1
2538 0,1
2539 0,1
2540 0,1,64
2541 0,1
2542 0,1
2543 0,1
2544 0,1
2545 0,1,114
2546 0,1
2547 0,1
2548 0,1
2549 0,1
2550 0,1
2551 0,1
2552 0,1
2553 0,1
2554 0,1
2555 0,1
2556 0,1
2557 0,1
2558 0,1
2559 0,1
2560 0,1,55,82
2561 0,1,490
2562 0,1
2563 0,1,121
2564 0,1
2565 0,1
2566 0,1,28,217
2567 0,1
2568 0,1
2569 0,1
2570 0,1
2571 0,1
2572 0,1
2573 0,1
2574 0,1
2575 0,1,7,8
2576 0,1
2577 0,1
2578 0,1
2579 0,1
2580 0,1
2581 0,1
2582 0,1,16,71
2583 0,1,95
2584 0,1
2585 0,1
2586 0,1,163
2587 0,1
2588 0,1
2589 0,1
2590 0,1
2591 0,1,23,179
2592 0,1,138,476
2593 0,1,131
2594 0,1,16,26,80,87
2595 0,1
2596 0,1
2597 0,1
2598 0,1,22
2599 0,1,18,81
2600 0,1,13
2601 0,1
2602 0,1,2,189
2603 0,1
2604 0,1
2605 0,1
2606 0,1
2607 0,1
2608 0,1
2609 0,1
2610 0,1
2611 0,1
2612 0,1
2613 0,1
2614 0,1
2615 0,1
2616 0,1,14,15
2617 0,1,3,6,8,15,143,349
2618 0,1,71
2619 0,1,28,56
2620 0,1
2621 0,1,57,183
2622 0,1
2623 0,1
2624 0,1
2625 0,1,38
2626 0,1
2627 0,1
2628 0,1
2629 0,1
2630 0,1
2631 0,1,195
2632 0,1,17
2633 0,1,5
2634 0,1
2635 0,1
2636 0,1,2,20
2637 0,1
2638 0,1,130,142
2639 0,1
2640 0,1
2641 0,1,35,239
2642 0,1
2643 0,1
2644 0,1,25,139
2645 0,1,2,3
2646 0,1
2647 0,1,19
2648 0,1
2649 0,1
2650 0,1
2651 0,1,13
2652 0,1
2653 0,1,2,4,68,209,469,574,614
2654 0,1
2655 0,1,32
2656 0,1,4
2657 0,1
2658 0,1,4,28,134,196
2659 0,1,5
2660 0,1,8
2661 0,1
2662 0,1
2663 0,1
2664 0,1
2665 0,1
2666 0,1
2667 0,1
2668 0,1
2669 0,1
2670 0,1
2671 0,1
2672 0,1
2673 0,1
2674 0,1
2675 0,1
2676 0,1,15
2677 0,1
2678 0,1
2679 0,1,15,38,46
2680 0,1
2681 0,1,10
2682 0,1
2683 0,1
2684 0,1
2685 0,1,2
2686 0,1
2687 0,1
2688 0,1
2689 0,1,18
2690 0,1,16
2691 0,1
2692 0,1,27
2693 0,1
2694 0,1
2695 0,1,10
2696 0,1
2697 0,1
2698 0,1,4
2699 0,1,4,28,38
2700 0,1
2701 0,1
2702 0,1
2703 0,1
2704 0,1,7
2705 0,1,612
2706 0,1
2707 0,1
2708 0,1
2709 0,1,2
2710 0,1
2711 0,1,27
2712 0,1,110
2713 0,1
2714 0,1
2715 0,1
2716 0,1
2717 0,1
2718 0,1,2
2719 0,1
2720 0,1
2721 0,1,35
2722 0,1,563
2723 0,1
2724 0,1
2725 0,1,81
2726 0,1
2727 0,1
2728 0,1
2729 0,1
2730 0,1
2731 0,1
2732 0,1
2733 0,1
2734 0,1
2735 0,1
2736 0,1,17
2737 0,1
2738 0,1,3
2739 0,1
2740 0,1
2741 0,1
2742 0,1
2743 0,1
2744 0,1
2745 0,1
2746 0,1
2747 0,1
2748 0,1
2749 0,1,19
2750 0,1
2751 0,1
2752 0,1
2753 0,1
2754 0,1
2755 0,1
2756 0,1
2757 0,1,205
2758 0,1
2759 0,1
2760 0,1
2761 0,1
2762 0,1,14
2763 0,1
2764 0,1
2765 0,1
2766 0,1,209
2767 0,1
2768 0,1
2769 0,1,2
2770 0,1
2771 0,1
2772 0,1
2773 0,1
2774 0,1,219
2775 0,1
2776 0,1
2777 0,1
2778 0,1
2779 0,1
2780 0,1
2781 0,1
2782 0,1,151
2783 0,1,220
2784 0,1
2785 0,1
2786 0,1
2787 0,1
2788 0,1
2789 0,1
2790 0,1
2791 0,1
2792 0,1
2793 0,1
2794 0,1,59,208
2795 0,1
2796 0,1
2797 0,1
2798 0,1
2799 0,1,9
2800 0,1
2801 0,1
2802 0,1
2803 0,1
2804 0,1
2805 0,1
2806 0,1,47
2807 0,1
2808 0,1,209
2809 0,1
2810 0,1
2811 0,1
2812 0,1
2813 0,1
2814 0,1
2815 0,1
2816 0,1
2817 0,1
2818 0,1,130
2819 0,1,101
2820 0,1
2821 0,1
2822 0,1
2823 0,1
2824 0,1,130
2825 0,1,32
2826 0,1
2827 0,1
2828 0,1
2829 0,1
2830 0,1
2831 0,1
2832 0,1
2833 0,1
2834 0,1
2835 0,1
2836 0,1
2837 0,1
2838 0,1
2839 0,1
2840 0,1
2841 0,1
2842 0,1,368
2843 0,1
2844 0,1
2845 0,1
2846 0,1
2847 0,1
2848 0,1
2849 0,1
2850 0,1
2851 0,1
2852 0,1,7,73
2853 0,1
2854 0,1,2,52
2855 0,1
2856 0,1
2857 0,1
2858 0,1
2859 0,1
2860 0,1
2861 0,1,116
2862 0,1
2863 0,1
2864 0,1
2865 0,1
2866 0,1
2867 0,1
2868 0,1
2869 0,1,92
2870 0,1
2871 0,1,29,154
2872 0,1
2873 0,1,2,501
2874 0,1,227
2875 0,1
2876 0,1
2877 0,1
2878 0,1
2879 0,1
2880 0,1,57,186
2881 0,1,2
2882 0,1,10
2883 0,1
2884 0,1
2885 0,1,3
2886 0,1
2887 0,1,56
2888 0,1
2889 0,1,10,53
2890 0,1
2891 0,1
2892 0,1
2893 0,1,5,6
2894 0,1
2895 0,1,284
2896 0,1
2897 0,1
2898 0,1,469
2899 0,1
2900 0,1
2901 0,1,3
2902 0,1,13
2903 0,1
2904 0,1
2905 0,1
2906 0,1,43
2907 0,1
2908 0,1
2909 0,1
2910 0,1
2911 0,1,84,200
2912 0,1
2913 0,1
2914 0,1,2
2915 0,1
2916 0,1
2917 0,1,2,4
2918 0,1,20
2919 0,1
2920 0,1
2921 0,1
2922 0,1
2923 0,1
2924 0,1
2925 0,1
2926 0,1,3
2927 0,1
2928 0,1
2929 0,1,13
2930 0,1
2931 0,1,59
2932 0,1
2933 0,1,82,200
2934 0,1
2935 0,1,43
2936 0,1,75
2937 0,1
2938 0,1,29
2939 0,1
2940 0,1
2941 0,1
2942 0,1,208
2943 0,1
2944 0,1
2945 0,1
2946 0,1
2947 0,1
2948 0,1
2949 0,1,325
2950 0,1
2951 0,1,75
2952 0,1
2953 0,1
2954 0,1
2955 0,1,13
2956 0,1
2957 0,1
2958 0,1
2959 0,1
2960 0,1,49
2961 0,1
2962 0,1
2963 0,1
2964 0,1
2965 0,1
2966 0,1,2
2967 0,1,4,174
2968 0,1
2969 0,1
2970 0,1
2971 0,1
2972 0,1
2973 0,1
2974 0,1
2975 0,1,84
2976 0,1,23,95
2977 0,1,2,26
2978 0,1,2
2979 0,1
2980 0,1,4,57
2981 0,1
2982 0,1
2983 0,1
2984 0,1
2985 0,1
2986 0,1
2987 0,1
2988 0,1
2989 0,1
2990 0,1
2991 0,1
2992 0,1
2993 0,1,4
2994 0,1
2995 0,1,84,560
2996 0,1
2997 0,1
2998 0,1,2,26
2999 0,1,200
3000 0,1,14,28,32,61
3001 0,1
3002 0,1,7
3003 0,1
3004 0,1
3005 0,1
3006 0,1,13
3007 0,1
3008 0,1,94,159
3009 0,1
3010 0,1
3011 0,1
3012 0,1
3013 0,1
3014 0,1
3015 0,1
3016 0,1
3017 0,1,83,93
3018 0,1
3019 0,1
3020 0,1
3021 0,1
3022 0,1
3023 0,1,456
3024 0,1
3025 0,1,249
3026 0,1
3027 0,1,613
3028 0,1
3029 0,1,38
3030 0,1
3031 0,1
3032 0,1,2
3033 0,1
3034 0,1
3035 0,1
3036 0,1
3037 0,1
3038 0,1
3039 0,1,8
3040 0,1
3041 0,1,72
3042 0,1,16
3043 0,1
3044 0,1,2,12
3045 0,1,64
3046 0,1,4
3047 0,1
3048 0,1
3049 0,1
3050 0,1
3051 0,1
3052 0,1
3053 0,1,277
3054 0,1
3055 0,1
3056 0,1,515
3057 0,1
3058 0,1
3059 0,1
3060 0,1,47
3061 0,1
3062 0,1
3063 0,1
3064 0,1
3065 0,1
3066 0,1
3067 0,1
3068 0,1
3069 0,1
3070 0,1
3071 0,1
3072 0,1
3073 0,1
3074 0,1,16
3075 0,1
3076 0,1,8
3077 0,1
3078 0,1
3079 0,1,12
3080 0,1
3081 0,1
3082 0,1
3083 0,1
3084 0,1
3085 0,1
3086 0,1
3087 0,1,22
3088 0,1
3089 0,1
3090 0,1
3091 0,1
3092 0,1
3093 0,1
3094 0,1
3095 0,1
3096 0,1
3097 0,1,16
3098 0,1
3099 0,1
3100 0,1
3101 0,1
3102 0,1
3103 0,1
3104 0,1
3105 0,1
3106 0,1
3107 0,1
3108 0,1
3109 0,1,10
3110 0,1
3111 0,1
3112 0,1
3113 0,1
3114 0,1
3115 0,1
3116 0,1
3117 0,1
3118 0,1
3119 0,1
3120 0,1,71
3121 0,1
3122 0,1
3123 0,1
3124 0,1
3125 0,1
3126 0,1
3127 0,1
3128 0,1
3129 0,1
3130 0,1
3131 0,1
3132 0,1
3133 0,1
3134 0,1
3135 0,1
3136 0,1,10
3137 0,1
3138 0,1
3139 0,1
3140 0,1
3141 0,1
3142 0,1
3143 0,1
3144 0,1,106
3145 0,1,106
3146 0,1
3147 0,1
3148 0,1
3149 0,1
3150 0,1
3151 0,1
3152 0,1
3153 0,1
3154 0,1,23
3155 0,1
3156 0,1
3157 0,1
3158 0,1
3159 0,1
3160 0,1
3161 0,1
3162 0,1
3163 0,1,36
3164 0,1
3165 0,1
3166 0,1
3167 0,1
3168 0,1
3169 0,1
3170 0,1
3171 0,1
3172 0,1
3173 0,1,35,295
3174 0,1
3175 0,1
3176 0,1
3177 0,1
3178 0,1
3179 0,1
3180 0,1
3181 0,1
3182 0,1
3183 0,1
3184 0,1,56
3185 0,1
3186 0,1
3187 0,1
3188 0,1
3189 0,1,11
3190 0,1
3191 0,1
3192 0,1
3193 0,1
3194 0,1
3195 0,1
3196 0,1
3197 0,1
3198 0,1
3199 0,1
3200 0,1
3201 0,1
3202 0,1
3203 0,1
3204 0,1,110
3205 0,1
3206 0,1,114
3207 0,1
3208 0,1
3209 0,1
3210 0,1
3211 0,1
3212 0,1
3213 0,1
3214 0,1
3215 0,1
3216 0,1
3217 0,1
3218 0,1,500
3219 0,1
3220 0,1,433
3221 0,1,18,559
3222 0,1
3223 0,1
3224 0,1
3225 0,1
3226 0,1,26
3227 0,1
3228 0,1
3229 0,1
3230 0,1
3231 0,1
3232 0,1,4,459
3233 0,1
3234 0,1
3235 0,1
3236 0,1
3237 0,1
3238 0,1
3239 0,1
3240 0,1
3241 0,1,20
3242 0,1
3243 0,1,2
3244 0,1
3245 0,1
3246 0,1
3247 0,1
3248 0,1,2
3249 0,1
3250 0,1
3251 0,1,4
3252 0,1
3253 0,1,9
3254 0,1
3255 0,1
3256 0,1
3257 0,1
3258 0,1,497
3259 0,1
3260 0,1
3261 0,1
3262 0,1
3263 0,1
3264 0,1,6,60
3265 0,1
3266 0,1
3267 0,1
3268 0,1,4
3269 0,1,292
3270 0,1
3271 0,1
3272 0,1
3273 0,1
3274 0,1
3275 0,1
3276 0,1
3277 0,1
3278 0,1,2,71
3279 0,1
3280 0,1
3281 0,1
3282 0,1
3283 0,1
3284 0,1
3285 0,1
3286 0,1
3287 0,1,351
3288 0,1
3289 0,1,286
3290 0,1
3291 0,1
3292 0,1
3293 0,1
3294 0,1,38,249
3295 0,1,4
3296 0,1,91
3297 0,1,128
3298 0,1,63
3299 0,1,2
3300 0,1,51
3301 0,1,18,183
3302 0,1
3303 0,1
3304 0,1
3305 0,1,21
3306 0,1
3307 0,1
3308 0,1
3309 0,1
3310 0,1
3311 0,1,4,382
3312 0,1
3313 0,1,89
3314 0,1
3315 0,1
3316 0,1
3317 0,1
3318 0,1
3319 0,1
3320 0,1
3321 0,1,3,6,11
3322 0,1
3323 0,1
3324 0,1
3325 0,1,2
3326 0,1
3327 0,1,272
3328 0,1
3329 0,1
3330 0,1
3331 0,1
3332 0,1
3333 0,1,31
3334 0,1,36
3335 0,1
3336 0,1
3337 0,1,16
3338 0,1,10
3339 0,1
3340 0,1
3341 0,1
3342 0,1
3343 0,1
3344 0,1,128
3345 0,1
3346 0,1
3347 0,1,160
3348 0,1
3349 0,1,57
3350 0,1
3351 0,1
3352 0,1
3353 0,1
3354 0,1,80
3355 0,1,3,4,46
3356 0,1
3357 0,1
3358 0,1
3359 0,1
3360 0,1,267
3361 0,1,108
3362 0,1
3363 0,1,218
3364 0,1
3365 0,1
3366 0,1,7
3367 0,1
3368 0,1
3369 0,1
3370 0,1,7,45
3371 0,1
3372 0,1
3373 0,1
3374 0,1
3375 0,1
3376 0,1
3377 0,1
3378 0,1,620
3379 0,1
3380 0,1
3381 0,1
3382 0,1
3383 0,1
3384 0,1
3385 0,1
3386 0,1
3387 0,1,2,30
3388 0,1,10
3389 0,1
3390 0,1
3391 0,1
3392 0,1
3393 0,1
3394 0,1,82
3395 0,1
3396 0,1
3397 0,1
3398 0,1
3399 0,1
3400 0,1,70
3401 0,1
3402 0,1,2,3,18
3403 0,1
3404 0,1,8,9,17,106,108,441
3405 0,1,4
3406 0,1
3407 0,1
3408 0,1
3409 0,1
3410 0,1,45
3411 0,1
3412 0,1,13
3413 0,1
3414 0,1
3415 0,1
3416 0,1
3417 0,1
3418 0,1
3419 0,1
3420 0,1,2
3421 0,1
3422 0,1
3423 0,1
3424 0,1
3425 0,1
3426 0,1
3427 0,1
3428 0,1,185
3429 0,1
3430 0,1
3431 0,1,27,38
3432 0,1
3433 0,1,52
3434 0,1
3435 0,1
3436 0,1,378
3437 0,1
3438 0,1,258
3439 0,1
3440 0,1,73,284
3441 0,1
3442 0,1
3443 0,1,18
3444 0,1
3445 0,1
3446 0,1
3447 0,1
3448 0,1
3449 0,1
3450 0,1
3451 0,1
3452 0,1
3453 0,1
3454 0,1
3455 0,1
3456 0,1
3457 0,1,60
3458 0,1
3459 0,1
3460 0,1
3461 0,1
3462 0,1
3463 0,1
3464 0,1
3465 0,1,7,45
3466 0,1
3467 0,1,235
3468 0,1
3469 0,1,78
3470 0,1
3471 0,1
3472 0,1
3473 0,1
3474 0,1
3475 0,1
3476 0,1
3477 0,1
3478 0,1,2
3479 0,1
3480 0,1
3481 0,1
3482 0,1
3483 0,1
3484 0,1
3485 0,1
3486 0,1
3487 0,1
3488 0,1,27
3489 0,1,37
3490 0,1
3491 0,1
3492 0,1
3493 0,1,9
3494 0,1
3495 0,1
3496 0,1
3497 0,1
3498 0,1
3499 0,1,188
3500 0,1
3501 0,1
3502 0,1
3503 0,1
3504 0,1
3505 0,1
3506 0,1
3507 0,1
3508 0,1,317
3509 0,1
3510 0,1
3511 0,1
3512 0,1,215
3513 0,1
3514 0,1
3515 0,1
3516 0,1
3517 0,1
3518 0,1
3519 0,1,18
3520 0,1
3521 0,1,2,13
3522 0,1
3523 0,1
3524 0,1
3525 0,1
3526 0,1
3527 0,1,14
3528 0,1
3529 0,1
3530 0,1
3531 0,1
3532 0,1
3533 0,1,233
3534 0,1
3535 0,1
3536 0,1
3537 0,1
3538 0,1
3539 0,1
3540 0,1
3541 0,1,2,3,6,11,133
3542 0,1
3543 0,1,77
3544 0,1
3545 0,1
3546 0,1
3547 0,1,12
3548 0,1,18,20
3549 0,1,363,484
3550 0,1
3551 0,1
3552 0,1
3553 0,1
3554 0,1
3555 0,1,5
3556 0,1
3557 0,1
3558 0,1
3559 0,1
3560 0,1
3561 0,1
3562 0,1
3563 0,1
3564 0,1
3565 0,1
3566 0,1
3567 0,1
3568 0,1
3569 0,1
3570 0,1
3571 0,1
3572 0,1,40
3573 0,1
3574 0,1
3575 0,1
3576 0,1
3577 0,1
3578 0,1
3579 0,1
3580 0,1
3581 0,1
3582 0,1
3583 0,1
3584 0,1,351
3585 0,1
3586 0,1
3587 0,1
3588 0,1
3589 0,1
3590 0,1
3591 0,1
3592 0,1
3593 0,1
3594 0,1
3595 0,1
3596 0,1
3597 0,1
3598 0,1
3599 0,1
3600 0,1,15
3601 0,1
3602 0,1
3603 0,1,15
3604 0,1
3605 0,1
3606 0,1
3607 0,1
3608 0,1,16
3609 0,1
3610 0,1
3611 0,1
3612 0,1
3613 0,1
3614 0,1
3615 0,1
3616 0,1
3617 0,1
3618 0,1
3619 0,1,14
3620 0,1
3621 0,1
3622 0,1
3623 0,1
3624 0,1
3625 0,1,9
3626 0,1
3627 0,1
3628 0,1,27
3629 0,1
3630 0,1,289
3631 0,1,23
3632 0,1
3633 0,1
3634 0,1
3635 0,1
3636 0,1
3637 0,1
3638 0,1
3639 0,1
3640 0,1
3641 0,1
3642 0,1
3643 0,1,563
3644 0,1
3645 0,1
3646 0,1,70
3647 0,1
3648 0,1
3649 0,1
3650 0,1,4
3651 0,1
3652 0,1
3653 0,1
3654 0,1
3655 0,1,2
3656 0,1,4
3657 0,1
3658 0,1
3659 0,1
3660 0,1
3661 0,1
3662 0,1
3663 0,1
3664 0,1
3665 0,1
3666 0,1
3667 0,1
3668 0,1
3669 0,1
3670 0,1,16
3671 0,1,9
3672 0,1
3673 0,1
3674 0,1
3675 0,1
3676 0,1
3677 0,1
3678 0,1
3679 0,1
3680 0,1
3681 0,1
3682 0,1
3683 0,1
3684 0,1
3685 0,1
3686 0,1
3687 0,1
3688 0,1
3689 0,1
3690 0,1
3691 0,1
3692 0,1
3693 0,1
3694 0,1
3695 0,1
3696 0,1
3697 0,1
3698 0,1
3699 0,1
3700 0,1
3701 0,1
3702 0,1
3703 0,1,26
3704 0,1
3705 0,1
3706 0,1,136
3707 0,1
3708 0,1
3709 0,1
3710 0,1
3711 0,1
3712 0,1
3713 0,1
3714 0,1,2
3715 0,1
3716 0,1
3717 0,1
3718 0,1
3719 0,1
3720 0,1
3721 0,1
3722 0,1
3723 0,1
3724 0,1
3725 0,1
3726 0,1
3727 0,1,81
3728 0,1
3729 0,1
3730 0,1
3731 0,1
3732 0,1
3733 0,1
3734 0,1,2
3735 0,1
3736 0,1
3737 0,1
3738 0,1
3739 0,1
3740 0,1
3741 0,1,16
3742 0,1,12
3743 0,1
3744 0,1
3745 0,1
3746 0,1
3747 0,1
3748 0,1
3749 0,1,73
3750 0,1
3751 0,1
3752 0,1
3753 0,1
3754 0,1
3755 0,1
3756 0,1
3757 0,1
3758 0,1,114
3759 0,1
3760 0,1
3761 0,1
3762 0,1,4
3763 0,1
3764 0,1
3765 0,1
3766 0,1
3767 0,1
3768 0,1
3769 0,1,40
3770 0,1
3771 0,1
3772 0,1
3773 0,1,367
3774 0,1
3775 0,1
3776 0,1
3777 0,1
3778 0,1
3779 0,1
3780 0,1
3781 0,1
3782 0,1,535
3783 0,1
3784 0,1,23
3785 0,1
3786 0,1
3787 0,1
3788 0,1
3789 0,1
3790 0,1,9
3791 0,1
3792 0,1
3793 0,1
3794 0,1
3795 0,1
3796 0,1,13
3797 0,1
3798 0,1
3799 0,1
3800 0,1
3801 0,1,6
3802 0,1
3803 0,1
3804 0,1
3805 0,1
3806 0,1
3807 0,1
3808 0,1
3809 0,1,16
3810 0,1
3811 0,1
3812 0,1
3813 0,1
3814 0,1,2
3815 0,1,10
3816 0,1
3817 0,1
3818 0,1
3819 0,1
3820 0,1
3821 0,1
3822 0,1
3823 0,1
3824 0,1
3825 0,1,402
3826 0,1
3827 0,1
3828 0,1
3829 0,1
3830 0,1
3831 0,1
3832 0,1
3833 0,1
3834 0,1
3835 0,1
3836 0,1
3837 0,1
3838 0,1
3839 0,1
3840 0,1
3841 0,1
3842 0,1
3843 0,1
3844 0,1,193
3845 0,1
3846 0,1
3847 0,1
3848 0,1
3849 0,1
3850 0,1
3851 0,1
3852 0,1
3853 0,1
3854 0,1
3855 0,1,86
3856 0,1
3857 0,1
3858 0,1
3859 0,1
3860 0,1,52
3861 0,1
3862 0,1
3863 0,1
3864 0,1
3865 0,1
3866 0,1,70
3867 0,1
3868 0,1
3869 0,1
3870 0,1,2
3871 0,1
3872 0,1
3873 0,1
3874 0,1
3875 0,1,61
3876 0,1
3877 0,1
3878 0,1,24
3879 0,1
3880 0,1
3881 0,1
3882 0,1
3883 0,1
3884 0,1
3885 0,1
3886 0,1,2
3887 0,1
3888 0,1,12,68,148
3889 0,1
3890 0,1
3891 0,1
3892 0,1
3893 0,1
3894 0,1
3895 0,1
3896 0,1
3897 0,1
3898 0,1
3899 0,1
3900 0,1
3901 0,1,56
3902 0,1
3903 0,1
3904 0,1
3905 0,1,20,69
3906 0,1
3907 0,1
3908 0,1
3909 0,1
3910 0,1
3911 0,1,3
3912 0,1,45
3913 0,1
3914 0,1
3915 0,1
3916 0,1,27
3917 0,1
3918 0,1,128
3919 0,1
3920 0,1
3921 0,1
3922 0,1,136
3923 0,1
3924 0,1,47
3925 0,1
3926 0,1
3927 0,1
3928 0,1
3929 0,1,297
3930 0,1
3931 0,1
3932 0,1
3933 0,1
3934 0,1
3935 0,1,4
3936 0,1
3937 0,1
3938 0,1
3939 0,1
3940 0,1,182
3941 0,1
3942 0,1,128
3943 0,1
3944 0,1
3945 0,1
3946 0,1
3947 0,1,8
3948 0,1
3949 0,1
3950 0,1
3951 0,1
3952 0,1
3953 0,1
3954 0,1
3955 0,1,30
3956 0,1
3957 0,1
3958 0,1
3959 0,1
3960 0,1
3961 0,1
3962 0,1
3963 0,1
3964 0,1
3965 0,1
3966 0,1
3967 0,1,9
3968 0,1
3969 0,1
3970 0,1
3971 0,1
3972 0,1
3973 0,1
3974 0,1
3975 0,1
3976 0,1
3977 0,1
3978 0,1
3979 0,1
3980 0,1
3981 0,1
3982 0,1
3983 0,1
3984 0,1
3985 0,1
3986 0,1,38
3987 0,1
3988 0,1
3989 0,1
3990 0,1,2,5,6,94
3991 0,1
3992 0,1
3993 0,1,9
3994 0,1
3995 0,1
3996 0,1
3997 0,1
3998 0,1
3999 0,1
4000 0,1
4001 0,1
4002 0,1
4003 0,1
4004 0,1,7,12,245
4005 0,1
4006 0,1
4007 0,1
4008 0,1
4009 0,1
4010 0,1
4011 0,1
4012 0,1
4013 0,1
4014 0,1
4015 0,1,300
4016 0,1
4017 0,1
4018 0,1
4019 0,1,15
4020 0,1
4021 0,1
4022 0,1,4
4023 0,1
4024 0,1,384
4025 0,1
4026 0,1
4027 0,1
4028 0,1
4029 0,1
4030 0,1
4031 0,1
4032 0,1,25,376,582
4033 0,1
4034 0,1
4035 0,1
4036 0,1
4037 0,1
4038 0,1
4039 0,1
4040 0,1
4041 0,1,194
4042 0,1
4043 0,1,55
4044 0,1
4045 0,1
4046 0,1
4047 0,1
4048 0,1
4049 0,1
4050 0,1
4051 0,1
4052 0,1
4053 0,1
4054 0,1
4055 0,1
4056 0,1,45,66
4057 0,1
4058 0,1,435
4059 0,1
4060 0,1
4061 0,1
4062 0,1
4063 0,1
4064 0,1
4065 0,1
4066 0,1
4067 0,1
4068 0,1
4069 0,1
4070 0,1
4071 0,1
4072 0,1
4073 0,1
4074 0,1
4075 0,1,9
4076 0,1
4077 0,1
4078 0,1
4079 0,1
4080 0,1
4081 0,1
4082 0,1
4083 0,1
4084 0,1,27
4085 0,1,73
4086 0,1
4087 0,1
4088 0,1
4089 0,1
4090 0,1
4091 0,1
4092 0,1
4093 0,1
4094 0,1
4095 0,1,49
4096 0,1
4097 0,1
4098 0,1
4099 0,1
4100 0,1
4101 0,1
4102 0,1,11,29,136,555
4103 0,1
4104 0,1
4105 0,1
4106 0,1
4107 0,1
4108 0,1
4109 0,1
4110 0,1
4111 0,1,59,584,597
4112 0,1
4113 0,1
4114 0,1
4115 0,1
4116 0,1
4117 0,1
4118 0,1
4119 0,1
4120 0,1
4121 0,1,36
4122 0,1
4123 0,1,391
4124 0,1
4125 0,1
4126 0,1
4127 0,1
4128 0,1,280
4129 0,1,18
4130 0,1
4131 0,1
4132 0,1
4133 0,1,11,24
4134 0,1,34
4135 0,1
4136 0,1
4137 0,1
4138 0,1
4139 0,1
4140 0,1
4141 0,1
4142 0,1
4143 0,1
4144 0,1,57
4145 0,1
4146 0,1
4147 0,1
4148 0,1
4149 0,1
4150 0,1
4151 0,1
4152 0,1
4153 0,1
4154 0,1
4155 0,1
4156 0,1
4157 0,1
4158 0,1
4159 0,1
4160 0,1,2,5,32
4161 0,1
4162 0,1
4163 0,1
4164 0,1
4165 0,1
4166 0,1
4167 0,1,14
4168 0,1
4169 0,1
4170 0,1,14
4171 0,1,8
4172 0,1
4173 0,1
4174 0,1
4175 0,1
4176 0,1
4177 0,1
4178 0,1
4179 0,1
4180 0,1,128
4181 0,1
4182 0,1
4183 0,1
4184 0,1
4185 0,1
4186 0,1
4187 0,1
4188 0,1
4189 0,1
4190 0,1
4191 0,1
4192 0,1
4193 0,1
4194 0,1
4195 0,1
4196 0,1
4197 0,1
4198 0,1
4199 0,1
4200 0,1
4201 0,1
4202 0,1
4203 0,1
4204 0,1
4205 0,1
4206 0,1
4207 0,1
4208 0,1
4209 0,1
4210 0,1
4211 0,1
4212 0,1
4213 0,1
4214 0,1
4215 0,1
4216 0,1
4217 0,1
4218 0,1
4219 0,1
4220 0,1
4221 0,1
4222 0,1
4223 0,1
4224 0,1
4225 0,1
4226 0,1
4227 0,1,61
4228 0,1
4229 0,1
4230 0,1
4231 0,1
4232 0,1
4233 0,1
4234 0,1
4235 0,1,29
4236 0,1
4237 0,1,16
4238 0,1
4239 0,1
4240 0,1
4241 0,1
4242 0,1
4243 0,1
4244 0,1
4245 0,1
4246 0,1
4247 0,1
4248 0,1
4249 0,1
4250 0,1
4251 0,1
4252 0,1
4253 0,1
4254 0,1
4255 0,1
4256 0,1,9
4257 0,1
4258 0,1
4259 0,1
4260 0,1
4261 0,1
4262 0,1
4263 0,1
4264 0,1
4265 0,1
4266 0,1
4267 0,1
4268 0,1
4269 0,1
4270 0,1
4271 0,1
4272 0,1
4273 0,1
4274 0,1
4275 0,1
4276 0,1
4277 0,1
4278 0,1
4279 0,1
4280 0,1
4281 0,1
4282 0,1
4283 0,1
4284 0,1
4285 0,1
4286 0,1
4287 0,1
4288 0,1
4289 0,1
4290 0,1
4291 0,1
4292 0,1
4293 0,1
4294 0,1
4295 0,1
4296 0,1
4297 0,1
4298 0,1
4299 0,1
4300 0,1
4301 0,1
4302 0,1
4303 0,1
4304 0,1
4305 0,1
4306 0,1
4307 0,1
4308 0,1
4309 0,1
4310 0,1
4311 0,1
4312 0,1
4313 0,1
4314 0,1
4315 0,1
4316 0,1,19
4317 0,1
4318 0,1
4319 0,1
4320 0,1
4321 0,1
4322 0,1,69
4323 0,1
4324 0,1
4325 0,1
4326 0,1
4327 0,1
4328 0,1
4329 0,1
4330 0,1
4331 0,1
4332 0,1
4333 0,1,4
4334 0,1
4335 0,1
4336 0,1
4337 0,1,31
4338 0,1
4339 0,1
4340 0,1
4341 0,1
4342 0,1,8
4343 0,1
4344 0,1
4345 0,1
4346 0,1
4347 0,1,22
4348 0,1
4349 0,1
4350 0,1
4351 0,1
4352 0,1
4353 0,1
4354 0,1
4355 0,1
4356 0,1
4357 0,1,3
4358 0,1
4359 0,1
4360 0,1
4361 0,1
4362 0,1
4363 0,1
4364 0,1
4365 0,1
4366 0,1
4367 0,1
4368 0,1,417
4369 0,1
4370 0,1,8
4371 0,1
4372 0,1
4373 0,1
4374 0,1
4375 0,1
4376 0,1
4377 0,1
4378 0,1
4379 0,1
4380 0,1
4381 0,1
4382 0,1
4383 0,1
4384 0,1,460
4385 0,1
4386 0,1
4387 0,1
4388 0,1
4389 0,1
4390 0,1
4391 0,1
4392 0,1
4393 0,1
4394 0,1
4395 0,1,4
4396 0,1
4397 0,1
4398 0,1
4399 0,1
4400 0,1
4401 0,1
4402 0,1
4403 0,1
4404 0,1
4405 0,1
4406 0,1
4407 0,1
4408 0,1
4409 0,1
4410 0,1
4411 0,1
4412 0,1
4413 0,1
4414 0,1
4415 0,1
4416 0,1
4417 0,1
4418 0,1
4419 0,1
4420 0,1
4421 0,1
4422 0,1
4423 0,1
4424 0,1
4425 0,1
4426 0,1,26
4427 0,1
4428 0,1
4429 0,1
4430 0,1
4431 0,1
4432 0,1
4433 0,1
4434 0,1
4435 0,1
4436 0,1
4437 0,1
4438 0,1
4439 0,1
4440 0,1
4441 0,1
4442 0,1
4443 0,1,417
4444 0,1
4445 0,1
4446 0,1
4447 0,1
4448 0,1
4449 0,1
4450 0,1
4451 0,1
4452 0,1
4453 0,1
4454 0,1
4455 0,1
4456 0,1
4457 0,1
4458 0,1
4459 0,1
4460 0,1
4461 0,1
4462 0,1
4463 0,1
4464 0,1
4465 0,1
4466 0,1
4467 0,1
4468 0,1
4469 0,1
4470 0,1
4471 0,1
4472 0,1
4473 0,1
4474 0,1
4475 0,1
4476 0,1
4477 0,1
4478 0,1
4479 0,1
4480 0,1
4481 0,1
4482 0,1
4483 0,1
4484 0,1
4485 0,1,550
4486 0,1
4487 0,1
4488 0,1
4489 0,1
4490 0,1
4491 0,1
4492 0,1
4493 0,1
4494 0,1
4495 0,1
4496 0,1
4497 0,1
4498 0,1
4499 0,1
4500 0,1
4501 0,1
4502 0,1,16
4503 0,1
4504 0,1
4505 0,1
4506 0,1
4507 0,1
4508 0,1
4509 0,1
4510 0,1
4511 0,1
4512 0,1
4513 0,1
4514 0,1
4515 0,1
4516 0,1
4517 0,1
4518 0,1
4519 0,1
4520 0,1
4521 0,1
4522 0,1
4523 0,1
4524 0,1
4525 0,1
4526 0,1,29
4527 0,1
4528 0,1
4529 0,1
4530 0,1
4531 0,1
4532 0,1
4533 0,1
4534 0,1,8
4535 0,1
4536 0,1
4537 0,1
4538 0,1
4539 0,1
4540 0,1
4541 0,1
4542 0,1
4543 0,1
4544 0,1
4545 0,1
4546 0,1
4547 0,1
4548 0,1
4549 0,1
4550 0,1
4551 0,1
4552 0,1
4553 0,1
4554 0,1,276
4555 0,1
4556 0,1,65,230
4557 0,1
4558 0,1
4559 0,1
4560 0,1
4561 0,1,191
4562 0,1
4563 0,1
4564 0,1,18
4565 0,1
4566 0,1
4567 0,1
4568 0,1
4569 0,1
4570 0,1
4571 0,1
4572 0,1,631
4573 0,1
4574 0,1
4575 0,1
4576 0,1
4577 0,1
4578 0,1
4579 0,1
4580 0,1
4581 0,1,2
4582 0,1
4583 0,1
4584 0,1
4585 0,1
4586 0,1
4587 0,1,3
4588 0,1
4589 0,1
4590 0,1
4591 0,1
4592 0,1
4593 0,1
4594 0,1
4595 0,1,2,32
4596 0,1
4597 0,1
4598 0,1
4599 0,1,7,122
4600 0,1
4601 0,1
4602 0,1
4603 0,1
4604 0,1
4605 0,1
4606 0,1
4607 0,1
4608 0,1
4609 0,1
4610 0,1
4611 0,1
4612 0,1
4613 0,1
4614 0,1
4615 0,1
4616 0,1
4617 0,1
4618 0,1,3,10
4619 0,1
4620 0,1
4621 0,1
4622 0,1
4623 0,1
4624 0,1
4625 0,1
4626 0,1
4627 0,1
4628 0,1
4629 0,1
4630 0,1
4631 0,1
4632 0,1
4633 0,1
4634 0,1
4635 0,1
4636 0,1
4637 0,1,203,216
4638 0,1
4639 0,1
4640 0,1,2
4641 0,1,2
4642 0,1
4643 0,1
4644 0,1
4645 0,1
4646 0,1
4647 0,1
4648 0,1
4649 0,1,26
4650 0,1
4651 0,1
4652 0,1
4653 0,1
4654 0,1
4655 0,1
4656 0,1
4657 0,1
4658 0,1
4659 0,1
4660 0,1
4661 0,1
4662 0,1
4663 0,1
4664 0,1
4665 0,1
4666 0,1,59
4667 0,1
4668 0,1
4669 0,1,20
4670 0,1
4671 0,1
4672 0,1,265
4673 0,1
4674 0,1
4675 0,1
4676 0,1
4677 0,1
4678 0,1
4679 0,1
4680 0,1
4681 0,1
4682 0,1
4683 0,1,35
4684 0,1
4685 0,1
4686 0,1
4687 0,1
4688 0,1
4689 0,1
4690 0,1
4691 0,1
4692 0,1
4693 0,1
4694 0,1,36
4695 0,1
4696 0,1
4697 0,1,7,12,464
4698 0,1,6,60
4699 0,1
4700 0,1,3,78
4701 0,1
4702 0,1
4703 0,1
4704 0,1
4705 0,1
4706 0,1,50
4707 0,1
4708 0,1
4709 0,1
4710 0,1
4711 0,1
4712 0,1
4713 0,1
4714 0,1
4715 0,1
4716 0,1
4717 0,1
4718 0,1
4719 0,1,12
4720 0,1
4721 0,1
4722 0,1
4723 0,1
4724 0,1
4725 0,1
4726 0,1
4727 0,1
4728 0,1
4729 0,1
4730 0,1
4731 0,1,2,72
4732 0,1
4733 0,1
4734 0,1,10,78
4735 0,1
4736 0,1
4737 0,1
4738 0,1
4739 0,1
4740 0,1,9
4741 0,1
4742 0,1
4743 0,1
4744 0,1
4745 0,1
4746 0,1
4747 0,1
4748 0,1
4749 0,1
4750 0,1
4751 0,1
4752 0,1,23
4753 0,1
4754 0,1
4755 0,1,8,39,92
4756 0,1
4757 0,1
4758 0,1
4759 0,1
4760 0,1,14,32
4761 0,1
4762 0,1
4763 0,1
4764 0,1,6
4765 0,1,54
4766 0,1
4767 0,1
4768 0,1
4769 0,1
4770 0,1
4771 0,1
4772 0,1
4773 0,1
4774 0,1
4775 0,1
4776 0,1
4777 0,1
4778 0,1
4779 0,1
4780 0,1
4781 0,1
4782 0,1
4783 0,1
4784 0,1
4785 0,1
4786 0,1
4787 0,1
4788 0,1
4789 0,1
4790 0,1
4791 0,1
4792 0,1
4793 0,1
4794 0,1
4795 0,1
4796 0,1
4797 0,1
4798 0,1
4799 0,1
4800 0,1
4801 0,1
4802 0,1
4803 0,1
4804 0,1
4805 0,1
4806 0,1
4807 0,1
4808 0,1
4809 0,1
4810 0,1
4811 0,1,13
4812 0,1
4813 0,1
4814 0,1
4815 0,1
4816 0,1
4817 0,1
4818 0,1
4819 0,1
4820 0,1
4821 0,1
4822 0,1
4823 0,1
4824 0,1
4825 0,1
4826 0,1,11
4827 0,1
4828 0,1
4829 0,1
4830 0,1,2,15
4831 0,1
4832 0,1
4833 0,1
4834 0,1
4835 0,1
4836 0,1
4837 0,1
4838 0,1
4839 0,1
4840 0,1,16
4841 0,1
4842 0,1,3
4843 0,1
4844 0,1
4845 0,1,14
4846 0,1
4847 0,1
4848 0,1
4849 0,1
4850 0,1
4851 0,1
4852 0,1,519
4853 0,1
4854 0,1
4855 0,1
4856 0,1
4857 0,1
4858 0,1
4859 0,1
4860 0,1
4861 0,1
4862 0,1
4863 0,1
4864 0,1
4865 0,1,45
4866 0,1
4867 0,1
4868 0,1
4869 0,1
4870 0,1
4871 0,1
4872 0,1
4873 0,1,124
4874 0,1
4875 0,1
4876 0,1
4877 0,1
4878 0,1
4879 0,1,29,96
4880 0,1
4881 0,1
4882 0,1
4883 0,1,62
4884 0,1
4885 0,1
4886 0,1
4887 0,1
4888 0,1
4889 0,1
4890 0,1
4891 0,1,110
4892 0,1
4893 0,1
4894 0,1
4895 0,1
4896 0,1
4897 0,1
4898 0,1,8,384
4899 0,1,136,572
4900 0,1
4901 0,1
4902 0,1
4903 0,1
4904 0,1
4905 0,1
4906 0,1,157
4907 0,1
4908 0,1
4909 0,1
4910 0,1
4911 0,1
4912 0,1
4913 0,1
4914 0,1,30
4915 0,1
4916 0,1
4917 0,1
4918 0,1,7,9
4919 0,1,9,58
4920 0,1
4921 0,1
4922 0,1
4923 0,1
4924 0,1
4925 0,1
4926 0,1
4927 0,1
4928 0,1
4929 0,1
4930 0,1
4931 0,1
4932 0,1
4933 0,1
4934 0,1
4935 0,1
4936 0,1
4937 0,1
4938 0,1
4939 0,1
4940 0,1
4941 0,1,3
4942 0,1
4943 0,1,34,592
4944 0,1,2
4945 0,1,88,487
4946 0,1
4947 0,1,6
4948 0,1,31
4949 0,1
4950 0,1
4951 0,1
4952 0,1,41,606
4953 0,1
4954 0,1
4955 0,1,16,54
4956 0,1
4957 0,1
4958 0,1
4959 0,1,52
4960 0,1
4961 0,1
4962 0,1,80
4963 0,1,7
4964 0,1
4965 0,1,217,573
4966 0,1,23,28
4967 0,1
4968 0,1
4969 0,1
4970 0,1
4971 0,1
4972 0,1
4973 0,1
4974 0,1
4975 0,1
4976 0,1,18,182
4977 0,1
4978 0,1
4979 0,1
4980 0,1
4981 0,1
4982 0,1
4983 0,1
4984 0,1,257,585
4985 0,1,47,598
4986 0,1
4987 0,1
4988 0,1
4989 0,1
4990 0,1
4991 0,1
4992 0,1
4993 0,1
4994 0,1
4995 0,1
4996 0,1
4997 0,1
4998 0,1,413
4999 0,1
5000 0,1
5001 0,1,56,202
5002 0,1
5003 0,1,172
5004 0,1
5005 0,1
5006 0,1
5007 0,1
5008 0,1
5009 0,1
5010 0,1
5011 0,1,35
5012 0,1,6,34,287
5013 0,1
5014 0,1
5015 0,1
5016 0,1
5017 0,1
5018 0,1,98
5019 0,1
5020 0,1
5021 0,1,70
5022 0,1
5023 0,1
5024 0,1
5025 0,1
5026 0,1
5027 0,1
5028 0,1,13
5029 0,1,166,291
5030 0,1
5031 0,1,34
5032 0,1
5033 0,1
5034 0,1
5035 0,1
5036 0,1
5037 0,1
5038 0,1
5039 0,1,30,305
5040 0,1
5041 0,1
5042 0,1
5043 0,1
5044 0,1
5045 0,1
5046 0,1
5047 0,1
5048 0,1
5049 0,1
5050 0,1
5051 0,1
5052 0,1
5053 0,1
5054 0,1
5055 0,1
5056 0,1
5057 0,1
5058 0,1
5059 0,1
5060 0,1
5061 0,1
5062 0,1
5063 0,1
5064 0,1
5065 0,1
5066 0,1
5067 0,1
5068 0,1
5069 0,1
5070 0,1
5071 0,1
5072 0,1
5073 0,1,50,96
5074 0,1,45
5075 0,1
5076 0,1,6,120
5077 0,1
5078 0,1
5079 0,1
5080 0,1
5081 0,1
5082 0,1
5083 0,1
5084 0,1
5085 0,1
5086 0,1
5087 0,1
5088 0,1
5089 0,1
5090 0,1
5091 0,1
5092 0,1
5093 0,1
5094 0,1
5095 0,1
5096 0,1
5097 0,1
5098 0,1
5099 0,1
5100 0,1
5101 0,1,24
5102 0,1
5103 0,1,2
5104 0,1
5105 0,1
5106 0,1
5107 0,1
5108 0,1
5109 0,1
5110 0,1
5111 0,1
5112 0,1
5113 0,1
5114 0,1
5115 0,1,11
5116 0,1
5117 0,1
5118 0,1
5119 0,1
5120 0,1
5121 0,1
5122 0,1
5123 0,1
5124 0,1,10
5125 0,1
5126 0,1
5127 0,1
5128 0,1
5129 0,1,29
5130 0,1
5131 0,1
5132 0,1
5133 0,1
5134 0,1
5135 0,1
5136 0,1
5137 0,1
5138 0,1
5139 0,1
5140 0,1
5141 0,1
5142 0,1
5143 0,1,117
5144 0,1
5145 0,1
5146 0,1,33,504
5147 0,1
5148 0,1
5149 0,1
5150 0,1
5151 0,1
5152 0,1
5153 0,1
5154 0,1
5155 0,1
5156 0,1
5157 0,1
5158 0,1
5159 0,1
5160 0,1,17
5161 0,1
5162 0,1
5163 0,1
5164 0,1
5165 0,1
5166 0,1
5167 0,1
5168 0,1
5169 0,1,33,67
5170 0,1
5171 0,1,204
5172 0,1
5173 0,1
5174 0,1
5175 0,1
5176 0,1
5177 0,1
5178 0,1
5179 0,1
5180 0,1
5181 0,1
5182 0,1
5183 0,1
5184 0,1
5185 0,1
5186 0,1
5187 0,1
5188 0,1
5189 0,1
5190 0,1
5191 0,1
5192 0,1
5193 0,1
5194 0,1
5195 0,1
5196 0,1
5197 0,1
5198 0,1
5199 0,1
5200 0,1
5201 0,1
5202 0,1
5203 0,1
5204 0,1
5205 0,1
5206 0,1
5207 0,1
5208 0,1
5209 0,1
5210 0,1
5211 0,1
5212 0,1
5213 0,1
5214 0,1
5215 0,1
5216 0,1
5217 0,1
5218 0,1
5219 0,1
5220 0,1
5221 0,1
5222 0,1
5223 0,1
5224 0,1
5225 0,1
5226 0,1,241
5227 0,1
5228 0,1
5229 0,1
5230 0,1,455
5231 0,1
5232 0,1
5233 0,1
5234 0,1
5235 0,1
5236 0,1
5237 0,1
5238 0,1
5239 0,1
5240 0,1
5241 0,1
5242 0,1
5243 0,1
5244 0,1
5245 0,1
5246 0,1
5247 0,1
5248 0,1
5249 0,1
5250 0,1
5251 0,1
5252 0,1
5253 0,1
5254 0,1
5255 0,1
5256 0,1
5257 0,1
5258 0,1
5259 0,1
5260 0,1
5261 0,1
5262 0,1
5263 0,1
5264 0,1
5265 0,1
5266 0,1
5267 0,1
5268 0,1
5269 0,1
5270 0,1
5271 0,1
5272 0,1
5273 0,1
5274 0,1
5275 0,1
5276 0,1
5277 0,1
5278 0,1
5279 0,1
5280 0,1
5281 0,1
5282 0,1
5283 0,1
5284 0,1
5285 0,1
5286 0,1
5287 0,1
5288 0,1
5289 0,1
5290 0,1
5291 0,1
5292 0,1
5293 0,1
5294 0,1
5295 0,1
5296 0,1
5297 0,1
5298 0,1
5299 0,1
5300 0,1
5301 0,1
5302 0,1
5303 0,1
5304 0,1
5305 0,1
5306 0,1
5307 0,1
5308 0,1
5309 0,1
5310 0,1
5311 0,1
5312 0,1
5313 0,1
5314 0,1
5315 0,1
5316 0,1
5317 0,1
5318 0,1
5319 0,1
5320 0,1
5321 0,1
5322 0,1
5323 0,1
5324 0,1
5325 0,1
5326 0,1
5327 0,1
5328 0,1
5329 0,1
5330 0,1
5331 0,1
5332 0,1
5333 0,1
5334 0,1
5335 0,1
5336 0,1
5337 0,1
5338 0,1,6
5339 0,1
5340 0,1
5341 0,1
5342 0,1
5343 0,1
5344 0,1
5345 0,1
5346 0,1
5347 0,1
5348 0,1
5349 0,1
5350 0,1
5351 0,1
5352 0,1
5353 0,1
5354 0,1
5355 0,1
5356 0,1
5357 0,1
5358 0,1
5359 0,1
5360 0,1
5361 0,1
5362 0,1
5363 0,1
5364 0,1
5365 0,1
5366 0,1
5367 0,1
5368 0,1,13
5369 0,1
5370 0,1
5371 0,1
5372 0,1
5373 0,1
5374 0,1
5375 0,1
5376 0,1
5377 0,1
5378 0,1
5379 0,1
5380 0,1
5381 0,1
5382 0,1
5383 0,1
5384 0,1
5385 0,1
5386 0,1
5387 0,1
5388 0,1
5389 0,1
5390 0,1
5391 0,1
5392 0,1
5393 0,1
5394 0,1
5395 0,1
5396 0,1
5397 0,1
5398 0,1
5399 0,1
5400 0,1
5401 0,1
5402 0,1
5403 0,1
5404 0,1
5405 0,1
5406 0,1
5407 0,1
5408 0,1
5409 0,1
5410 0,1
5411 0,1
5412 0,1
5413 0,1
5414 0,1
5415 0,1,10
5416 0,1
5417 0,1
5418 0,1
5419 0,1
5420 0,1
5421 0,1
5422 0,1
5423 0,1
5424 0,1
5425 0,1
5426 0,1
5427 0,1
5428 0,1
5429 0,1
5430 0,1
5431 0,1
5432 0,1
5433 0,1
5434 0,1
5435 0,1
5436 0,1
5437 0,1
5438 0,1
5439 0,1
5440 0,1
5441 0,1
5442 0,1
5443 0,1
5444 0,1
5445 0,1
5446 0,1
5447 0,1
5448 0,1
5449 0,1
5450 0,1
5451 0,1
5452 0,1
5453 0,1
5454 0,1
5455 0,1
5456 0,1
5457 0,1
5458 0,1
5459 0,1
5460 0,1
5461 0,1
5462 0,1
5463 0,1
5464 0,1
5465 0,1
5466 0,1
5467 0,1
5468 0,1
5469 0,1
5470 0,1
5471 0,1
5472 0,1
5473 0,1
5474 0,1
5475 0,1
5476 0,1
5477 0,1
5478 0,1
5479 0,1
5480 0,1
5481 0,1
5482 0,1
5483 0,1
5484 0,1
5485 0,1
5486 0,1
5487 0,1
5488 0,1
5489 0,1
5490 0,1
5491 0,1
5492 0,1
5493 0,1
5494 0,1
5495 0,1
5496 0,1
5497 0,1
5498 0,1
5499 0,1
5500 0,1
5501 0,1
5502 0,1
5503 0,1
5504 0,1
5505 0,1
5506 0,1
5507 0,1
5508 0,1
5509 0,1
5510 0,1
5511 0,1
5512 0,1
5513 0,1
5514 0,1
5515 0,1
5516 0,1
5517 0,1
5518 0,1
5519 0,1
5520 0,1
5521 0,1
5522 0,1
5523 0,1
5524 0,1
5525 0,1
5526 0,1
5527 0,1
5528 0,1
5529 0,1
5530 0,1
5531 0,1
5532 0,1
5533 0,1
5534 0,1
5535 0,1
5536 0,1
5537 0,1
5538 0,1
5539 0,1
5540 0,1
5541 0,1
5542 0,1
5543 0,1
5544 0,1
5545 0,1
5546 0,1
5547 0,1
5548 0,1
5549 0,1
5550 0,1
5551 0,1
5552 0,1
5553 0,1
5554 0,1
5555 0,1
5556 0,1
5557 0,1
5558 0,1
5559 0,1
5560 0,1
5561 0,1
5562 0,1
5563 0,1
5564 0,1
5565 0,1
5566 0,1
5567 0,1
5568 0,1
5569 0,1
5570 0,1
5571 0,1
5572 0,1
5573 0,1
5574 0,1
5575 0,1
5576 0,1
5577 0,1
5578 0,1
5579 0,1
5580 0,1
5581 0,1
5582 0,1
5583 0,1
5584 0,1
5585 0,1
5586 0,1
5587 0,1
5588 0,1
5589 0,1
5590 0,1
5591 0,1
5592 0,1
5593 0,1
5594 0,1
5595 0,1
5596 0,1
5597 0,1
5598 0,1
5599 0,1
5600 0,1
5601 0,1
5602 0,1
5603 0,1
5604 0,1
5605 0,1
5606 0,1
5607 0,1
5608 0,1
5609 0,1
5610 0,1
5611 0,1
5612 0,1
5613 0,1
5614 0,1
5615 0,1
5616 0,1
5617 0,1
5618 0,1
5619 0,1
5620 0,1
5621 0,1
5622 0,1
5623 0,1
5624 0,1
5625 0,1
5626 0,1
5627 0,1
5628 0,1
5629 0,1
5630 0,1
5631 0,1
5632 0,1
5633 0,1
5634 0,1
5635 0,1
5636 0,1
5637 0,1
5638 0,1
5639 0,1
5640 0,1
5641 0,1
5642 0,1
5643 0,1
5644 0,1
5645 0,1
5646 0,1
5647 0,1
5648 0,1
5649 0,1
5650 0,1
5651 0,1
5652 0,1
5653 0,1
5654 0,1
5655 0,1
5656 0,1
5657 0,1
5658 0,1
5659 0,1
5660 0,1
5661 0,1
5662 0,1
5663 0,1
5664 0,1
5665 0,1
5666 0,1
5667 0,1
5668 0,1
5669 0,1
5670 0,1
5671 0,1
5672 0,1
5673 0,1
5674 0,1
5675 0,1,5
5676 0,1
5677 0,1
5678 0,1
5679 0,1,83
5680 0,1
5681 0,1,4
5682 0,1
5683 0,1
5684 0,1
5685 0,1
5686 0,1
5687 0,1
5688 0,1
5689 0,1
5690 0,1
5691 0,1
5692 0,1
5693 0,1
5694 0,1
5695 0,1
5696 0,1
5697 0,1
5698 0,1
5699 0,1
5700 0,1
5701 0,1
5702 0,1
5703 0,1
5704 0,1
5705 0,1
5706 0,1
5707 0,1
5708 0,1
5709 0,1
5710 0,1
5711 0,1
5712 0,1
5713 0,1
5714 0,1
5715 0,1
5716 0,1
5717 0,1
5718 0,1
5719 0,1
5720 0,1
5721 0,1
5722 0,1,9,190
5723 0,1,4
5724 0,1
5725 0,1
5726 0,1
5727 0,1
5728 0,1
5729 0,1,5,49
5730 0,1
5731 0,1,2
5732 0,1
5733 0,1
5734 0,1
5735 0,1
5736 0,1
5737 0,1
5738 0,1
5739 0,1
5740 0,1
5741 0,1
5742 0,1
5743 0,1,9
5744 0,1
5745 0,1
5746 0,1
5747 0,1
5748 0,1
5749 0,1
5750 0,1
5751 0,1,4
5752 0,1
5753 0,1
5754 0,1
5755 0,1
5756 0,1
5757 0,1
5758 0,1
5759 0,1
5760 0,1
5761 0,1
5762 0,1
5763 0,1
5764 0,1
5765 0,1
5766 0,1
5767 0,1
5768 0,1
5769 0,1
5770 0,1
5771 0,1
5772 0,1,6
5773 0,1
5774 0,1
5775 0,1
5776 0,1
5777 0,1
5778 0,1
5779 0,1
5780 0,1
5781 0,1
5782 0,1
5783 0,1
5784 0,1,81
5785 0,1
5786 0,1,13
5787 0,1
5788 0,1
5789 0,1,81,427
5790 0,1
5791 0,1,5,14,70
5792 0,1,12
5793 0,1,16
5794 0,1
5795 0,1,307
5796 0,1
5797 0,1
5798 0,1
5799 0,1
5800 0,1
5801 0,1
5802 0,1
5803 0,1,375
5804 0,1
5805 0,1
5806 0,1,38
5807 0,1,4
5808 0,1
5809 0,1
5810 0,1
5811 0,1
5812 0,1
5813 0,1
5814 0,1
5815 0,1
5816 0,1
5817 0,1
5818 0,1
5819 0,1
5820 0,1,2
5821 0,1,40
5822 0,1
5823 0,1
5824 0,1
5825 0,1
5826 0,1
5827 0,1
5828 0,1
5829 0,1
5830 0,1
5831 0,1,5
5832 0,1,4
5833 0,1
5834 0,1
5835 0,1
5836 0,1
5837 0,1
5838 0,1
5839 0,1
5840 0,1
5841 0,1
5842 0,1
5843 0,1,56
5844 0,1,9
5845 0,1
5846 0,1
5847 0,1
5848 0,1
5849 0,1,5,121
5850 0,1,26,182
5851 0,1
5852 0,1,150
5853 0,1,262
5854 0,1,116
5855 0,1
5856 0,1
5857 0,1
5858 0,1
5859 0,1
5860 0,1
5861 0,1
5862 0,1,13
5863 0,1
5864 0,1,84
5865 0,1
5866 0,1
5867 0,1,9,48
5868 0,1
5869 0,1
5870 0,1
5871 0,1
5872 0,1
5873 0,1
5874 0,1
5875 0,1
5876 0,1
5877 0,1
5878 0,1
5879 0,1
5880 0,1
5881 0,1,4
5882 0,1
5883 0,1
5884 0,1,5,161
5885 0,1,2
5886 0,1,2
5887 0,1,14
5888 0,1
5889 0,1
5890 0,1,14,102
5891 0,1
5892 0,1
5893 0,1
5894 0,1,197
5895 0,1
5896 0,1
5897 0,1,3
5898 0,1
5899 0,1
5900 0,1
5901 0,1
5902 0,1
5903 0,1,275
5904 0,1
5905 0,1
5906 0,1
5907 0,1
5908 0,1
5909 0,1
5910 0,1
5911 0,1
5912 0,1,4
5913 0,1
5914 0,1
5915 0,1
5916 0,1,4
5917 0,1
5918 0,1
5919 0,1
5920 0,1
5921 0,1
5922 0,1,160
5923 0,1
5924 0,1
5925 0,1
5926 0,1
5927 0,1
5928 0,1
5929 0,1
5930 0,1
5931 0,1
5932 0,1
5933 0,1
5934 0,1
5935 0,1
5936 0,1
5937 0,1
5938 0,1
5939 0,1
5940 0,1
5941 0,1
5942 0,1,51
5943 0,1
5944 0,1
5945 0,1
5946 0,1,91
5947 0,1
5948 0,1
5949 0,1
5950 0,1
5951 0,1
5952 0,1
5953 0,1
5954 0,1,404
5955 0,1
5956 0,1
5957 0,1
5958 0,1
5959 0,1
5960 0,1
5961 0,1
5962 0,1
5963 0,1
5964 0,1
5965 0,1,31
5966 0,1,2,75,155
5967 0,1
5968 0,1,4,20
5969 0,1
5970 0,1
5971 0,1,91
5972 0,1
5973 0,1,85,233
5974 0,1,138
5975 0,1
5976 0,1
5977 0,1,15
5978 0,1,26
5979 0,1,3
5980 0,1,2,9
5981 0,1,22
5982 0,1
5983 0,1
5984 0,1,4
5985 0,1,2
5986 0,1
5987 0,1
5988 0,1
5989 0,1
5990 0,1
5991 0,1
5992 0,1
5993 0,1
5994 0,1
5995 0,1
5996 0,1
5997 0,1
5998 0,1
5999 0,1,71
6000 0,1
6001 0,1
6002 0,1
6003 0,1
6004 0,1
6005 0,1
6006 0,1,22,287
6007 0,1,70,109
6008 0,1
6009 0,1,120
6010 0,1
6011 0,1
6012 0,1
6013 0,1
6014 0,1
6015 0,1
6016 0,1
6017 0,1
6018 0,1,77
6019 0,1
6020 0,1
6021 0,1
6022 0,1,9
6023 0,1
6024 0,1
6025 0,1
6026 0,1
6027 0,1,2,12,21
6028 0,1,2
6029 0,1
6030 0,1,18
6031 0,1,12
6032 0,1,32,108
6033 0,1
6034 0,1
6035 0,1,20
6036 0,1
6037 0,1
6038 0,1
6039 0,1
6040 0,1
6041 0,1
6042 0,1
6043 0,1
6044 0,1
6045 0,1
6046 0,1
6047 0,1
6048 0,1
6049 0,1
6050 0,1
6051 0,1
6052 0,1
6053 0,1
6054 0,1
6055 0,1
6056 0,1
6057 0,1
6058 0,1
6059 0,1
6060 0,1
6061 0,1
6062 0,1
6063 0,1
6064 0,1
6065 0,1
6066 0,1
6067 0,1
6068 0,1
6069 0,1
6070 0,1
6071 0,1
6072 0,1
6073 0,1
6074 0,1,16
6075 0,1,18
6076 0,1,20
6077 0,1
6078 0,1
6079 0,1,2,48
6080 0,1,3
6081 0,1
6082 0,1,31,363
6083 0,1
6084 0,1
6085 0,1
6086 0,1
6087 0,1
6088 0,1
6089 0,1
6090 0,1
6091 0,1
6092 0,1
6093 0,1
6094 0,1
6095 0,1,20,455
6096 0,1
6097 0,1
6098 0,1
6099 0,1
6100 0,1
6101 0,1,560
6102 0,1
6103 0,1,265
6104 0,1
6105 0,1
6106 0,1
6107 0,1
6108 0,1
6109 0,1
6110 0,1
6111 0,1
6112 0,1,9
6113 0,1
6114 0,1
6115 0,1,2,86
6116 0,1
6117 0,1
6118 0,1
6119 0,1
6120 0,1
6121 0,1
6122 0,1,121
6123 0,1
6124 0,1
6125 0,1
6126 0,1
6127 0,1
6128 0,1
6129 0,1
6130 0,1
6131 0,1
6132 0,1
6133 0,1
6134 0,1
6135 0,1
6136 0,1
6137 0,1
6138 0,1
6139 0,1,12
6140 0,1
6141 0,1,4,72
6142 0,1,51
6143 0,1,6,30
6144 0,1,12
6145 0,1,15,72
6146 0,1
6147 0,1,6,532
6148 0,1,2
6149 0,1
6150 0,1
6151 0,1
6152 0,1
6153 0,1
6154 0,1
6155 0,1
6156 0,1
6157 0,1
6158 0,1
6159 0,1
6160 0,1,40
6161 0,1,37
6162 0,1
6163 0,1
6164 0,1
6165 0,1
6166 0,1
6167 0,1
6168 0,1
6169 0,1
6170 0,1
6171 0,1
6172 0,1
6173 0,1
6174 0,1
6175 0,1
6176 0,1,11
6177 0,1,40
6178 0,1
6179 0,1
6180 0,1
6181 0,1
6182 0,1
6183 0,1
6184 0,1,10,56
6185 0,1,164
6186 0,1,6,138,147
6187 0,1,95
6188 0,1
6189 0,1
6190 0,1,7
6191 0,1
6192 0,1
6193 0,1
6194 0,1,7,346
6195 0,1
6196 0,1
6197 0,1
6198 0,1
6199 0,1
6200 0,1
6201 0,1
6202 0,1
6203 0,1,2
6204 0,1
6205 0,1
6206 0,1,29
6207 0,1,32
6208 0,1
6209 0,1,3,5
6210 0,1
6211 0,1
6212 0,1
6213 0,1,66
6214 0,1
6215 0,1
6216 0,1,17
6217 0,1
6218 0,1,7
6219 0,1,17
6220 0,1,83,225
6221 0,1
6222 0,1,126
6223 0,1
6224 0,1
6225 0,1
6226 0,1
6227 0,1
6228 0,1
6229 0,1
6230 0,1,83
6231 0,1
6232 0,1
6233 0,1
6234 0,1
6235 0,1,247
6236 0,1
6237 0,1
6238 0,1
6239 0,1
6240 0,1
6241 0,1,309
6242 0,1,102
6243 0,1,64
6244 0,1
6245 0,1,48,233
6246 0,1
6247 0,1
6248 0,1
6249 0,1,2
6250 0,1
6251 0,1
6252 0,1
6253 0,1
6254 0,1
6255 0,1
6256 0,1
6257 0,1
6258 0,1,23
6259 0,1
6260 0,1
6261 0,1
6262 0,1
6263 0,1
6264 0,1
6265 0,1
6266 0,1
6267 0,1
6268 0,1
6269 0,1
6270 0,1
6271 0,1
6272 0,1
6273 0,1,2,203
6274 0,1,420
6275 0,1
6276 0,1
6277 0,1
6278 0,1
6279 0,1
6280 0,1
6281 0,1,2,56,132
6282 0,1
6283 0,1
6284 0,1
6285 0,1
6286 0,1
6287 0,1
6288 0,1
6289 0,1
6290 0,1
6291 0,1,5
6292 0,1
6293 0,1
6294 0,1
6295 0,1
6296 0,1
6297 0,1,505
6298 0,1,73
6299 0,1,2
6300 0,1
6301 0,1
6302 0,1
6303 0,1
6304 0,1,126,354
6305 0,1
6306 0,1
6307 0,1,133
6308 0,1
6309 0,1
6310 0,1
6311 0,1
6312 0,1
6313 0,1,484
6314 0,1
6315 0,1,57
6316 0,1
6317 0,1
6318 0,1
6319 0,1,85
6320 0,1,2,32
6321 0,1,2
6322 0,1
6323 0,1
6324 0,1
6325 0,1
6326 0,1
6327 0,1
6328 0,1
6329 0,1
6330 0,1
6331 0,1,12
6332 0,1
6333 0,1
6334 0,1
6335 0,1
6336 0,1,425
6337 0,1
6338 0,1
6339 0,1
6340 0,1
6341 0,1
6342 0,1
6343 0,1
6344 0,1
6345 0,1
6346 0,1,6
6347 0,1
6348 0,1
6349 0,1
6350 0,1
6351 0,1
6352 0,1
6353 0,1
6354 0,1
6355 0,1
6356 0,1
6357 0,1
6358 0,1
6359 0,1
6360 0,1
6361 0,1
6362 0,1,9
6363 0,1,43
6364 0,1
6365 0,1
6366 0,1
6367 0,1
6368 0,1
6369 0,1
6370 0,1
6371 0,1
6372 0,1,38
6373 0,1,5
6374 0,1
6375 0,1
6376 0,1,2
6377 0,1,9,30
6378 0,1
6379 0,1
6380 0,1
6381 0,1
6382 0,1
6383 0,1
6384 0,1
6385 0,1
6386 0,1
6387 0,1
6388 0,1
6389 0,1
6390 0,1
6391 0,1
6392 0,1
6393 0,1,604
6394 0,1
6395 0,1
6396 0,1
6397 0,1
6398 0,1
6399 0,1
6400 0,1,9
6401 0,1
6402 0,1
6403 0,1
6404 0,1
6405 0,1
6406 0,1
6407 0,1
6408 0,1
6409 0,1
6410 0,1
6411 0,1,229
6412 0,1
6413 0,1
6414 0,1,39
6415 0,1
6416 0,1
6417 0,1
6418 0,1
6419 0,1
6420 0,1
6421 0,1
6422 0,1
6423 0,1
6424 0,1
6425 0,1,9
6426 0,1,403
6427 0,1
6428 0,1
6429 0,1
6430 0,1
6431 0,1
6432 0,1
6433 0,1,3
6434 0,1,15
6435 0,1
6436 0,1
6437 0,1
6438 0,1
6439 0,1
6440 0,1,178
6441 0,1
6442 0,1
6443 0,1
6444 0,1
6445 0,1
6446 0,1
6447 0,1
6448 0,1
6449 0,1,2
6450 0,1
6451 0,1
6452 0,1
6453 0,1
6454 0,1
6455 0,1
6456 0,1
6457 0,1,11
6458 0,1
6459 0,1
6460 0,1,126
6461 0,1
6462 0,1
6463 0,1
6464 0,1
6465 0,1
6466 0,1
6467 0,1,8,17
6468 0,1
6469 0,1
6470 0,1
6471 0,1
6472 0,1,64
6473 0,1,5
6474 0,1
6475 0,1,78
6476 0,1,2,4
6477 0,1,18
6478 0,1,12,23
6479 0,1
6480 0,1
6481 0,1,16
6482 0,1
6483 0,1
6484 0,1,2,54,352
6485 0,1
6486 0,1,9,91,107
6487 0,1
6488 0,1
6489 0,1
6490 0,1
6491 0,1
6492 0,1,3,58
6493 0,1
6494 0,1
6495 0,1,381
6496 0,1,15
6497 0,1
6498 0,1
6499 0,1
6500 0,1
6501 0,1
6502 0,1,66
6503 0,1
6504 0,1,2
6505 1
6506 1
