0 0,1,2,3,4,5,6,8,10,12,18,20,22,23,33,34,39,40,41,44,50,54,62,64,67,79,87,93,97,98,104,112,117,122,123,127,131,141,146,155,156,173,175,198,201,218,223,225,228,235,240,246,263,306,315,337,353,380,400,411,437,443,461,531,607,628
1 0,1,2,3,4,5,6,7,8,10,11,12,13,14,15,17,19,20,21,22,23,24,29,33,34,36,39,41,46,48,49,50,51,53,57,66,74,75,77,83,86,92,99,104,105,109,112,118,133,135,136,137,138,143,146,150,157,169,178,182,183,231,238,242,301,323,342,372,412,435,466,494,506
2 0,1,2,3,4,5,17,23,25,27,28,29,41,47,52,65,76,87,93,152,154,201,205,237,277,304,358,545,577
3 0,1,2,3,5,6,7,8,10,11,12,15,16,17,20,21,22,23,24,28,29,33,38,39,41,42,43,46,48,50,53,54,60,64,67,74,78,79,90,96,97,104,107,123,135,155,159,173,178,187,223,276,289,302,381,392,393,408,447,517,588
4 0,1,2,3,4,5,6,9,11,12,17,18,20,22,23,24,32,33,35,39,40,41,43,44,46,51,53,54,58,60,62,63,64,67,73,75,79,86,88,90,107,109,113,120,125,127,172,173,174,194,195,210,222,255,301,418,432,434,451,479,480,520,555
5 0,1,2,3,4,5,6,7,10,11,15,16,18,21,22,24,29,33,40,42,43,44,48,58,60,62,65,76,85,91,97,122,146,167,172,173,196,236,269,290,306,316,337,543,642
6 0,1,2,3,4,5,6,9,10,12,14,17,19,21,28,30,31,40,41,49,62,85,90,109,118,163,164,235,259,331,393,440,590,595,646
7 0,1,2,3,4,5,6,8,9,10,11,12,13,14,15,18,21,22,23,24,26,29,30,31,34,35,38,40,49,50,54,55,60,61,62,63,64,77,88,92,93,95,102,111,118,122,125,135,145,150,158,170,222,256,292,406,478,495,540,590,601
8 0,1,2,3,4,5,6,7,8,10,11,13,14,15,21,22,23,24,27,29,31,32,33,34,38,45,46,47,49,51,54,57,60,65,69,85,86,88,89,92,102,105,112,115,117,118,122,123,139,146,150,153,155,184,222,224,226,231,236,269,331,429,466,528,544,546,553,618
9 0,1,2,3,4,5,6,8,9,11,15,22,23,25,28,30,33,40,48,52,57,62,76,81,88,93,99,105,107,109,110,123,130,148,150,155,160,161,174,177,179,185,186,187,212,215,223,234,251,299,344,406,418,448,450,481,508,616,625
10 0,1,2,3,4,5,6,7,8,9,10,11,12,13,15,18,21,22,23,24,25,27,32,33,35,43,50,58,60,61,66,94,97,98,110,112,113,119,129,139,149,153,159,243,275,293,345,373,512,515,554,602
11 0,1,2,3,4,5,6,9,10,11,12,14,15,19,20,22,24,25,29,32,40,42,49,51,53,54,60,62,63,64,75,78,82,83,90,100,101,107,115,117,140,148,149,162,187,194,195,214,253,282,389,423,486
12 0,1,2,3,4,5,6,7,9,10,11,12,15,19,21,22,25,26,35,37,39,41,42,48,58,60,67,69,72,74,80,91,94,102,125,132,135,140,169,170,206,218,259,290,293,580,596,608,645
13 0,1,2,3,4,5,6,9,13,14,16,22,24,32,41,42,51,60,65,86,90,107,140,158,256,388,432,445,451,552
14 0,1,2,3,5,9,10,11,23,28,32,35,46,50,53,63,64,76,79,81,97,116,132,144,155,190,251,512
15 0,1,2,3,6,14,15,33,35,49,74,99,124,144,353,576
16 0,1,2,3,4,5,6,7,8,10,11,12,14,15,17,20,21,30,34,35,36,37,42,46,50,54,63,73,80,84,88,92,101,103,128,147,214,279,283,307,366,405
17 0,1,2,3,4,5,6,7,8,9,10,11,12,14,16,17,18,19,23,25,28,31,32,34,35,42,44,45,47,52,54,55,61,63,65,67,71,76,81,85,89,92,97,99,100,117,121,128,148,168,221,279,322,398,415,510,585,599,608
18 0,1,2,3,4,7,8,9,10,12,14,15,36,39,40,95,97,110,113,164,206,293,330,362,369,547
19 0,1,2,3,4,5,8,10,12,15,16,19,33,43,46,48,50,63,69,91,92,256,268,329,341,360,446,453,462,537,640
20 0,1,2,3,4,6,8,9,10,12,16,18,35,38,40,41,74,97,100,166,201,240,296,424,430,505
21 0,1,2,3,4,5,8,9,11,12,14,19,20,21,27,32,35,37,51,62,66,70,79,80,83,161,169,183,200,269,274,278,367,462,513,576
22 0,1,2,3,4,6,10,11,12,20,22,27,29,31,32,34,35,40,42,43,50,66,69,127,170,180,221,255,268,355,467
23 0,1,2,3,7,11,20,42,46,66,77,101,114,136,162,172,181,308,486
24 0,1,2,3,4,6,8,9,11,12,18,19,20,23,33,37,41,43,49,50,51,59,64,67,76,102,122,131,132,137,161,171,180,248,263,306,319,357,580
25 0,1,2,3,4,6,7,8,9,10,12,15,17,19,20,23,24,25,26,27,29,31,40,44,51,64,65,68,72,73,76,81,92,100,102,107,115,153,206,207,322,421,508,528,569
26 0,1,2,7,10,33,34,41,49,60,64,214
27 0,1,2,4,6,8,11,15,16,18,23,27,28,38,51,60,63,71,73,83,130,154,203,227,249,318,357,433,453
28 0,1,2,3,6,7,8,15,18,23,26,29,32,35,36,37,42,43,48,50,53,60,72,75,89,96,117,118,149,220,250,386,423,520,639
29 0,1,2,3,4,5,10,24,30,54,85,145,231,246,411,437,461,531
30 0,1,2,3,4,5,11,21,35,48,111,206,218,230,340,389,501
31 0,1,3,4,5,6,9,21,25,31,41,42,44,48,52,65,68,76,91,92,116,168,267,335,338,495,549,601
32 0,1,2,3,7,8,13,15,17,25,29,32,34,36,38,39,43,51,65,66,86,109,129,140,205,206,228,263,364,481,567
33 0,1,2,8,10,14,19,21,24,29,40,51,74,76,133,145,164,458
34 0,1,2,9,13,15,24,26,40,88,94,158,181,207
35 0,1,3,5,6,14,22,34,41,42,50,96,159,160,288,325
36 0,1,2,3,4,16,26,29,38,60,113,115,374
37 0,1,2,3,4,8,9,10,11,14,25,26,28,30,34,42,45,52,53,59,65,86,87,90,105,113,116,118,121,122,143,240,256,275,277,301,482,524,526,538,552,615
38 0,1,2,3,4,5,10,16,18,22,34,35,53,59,91,94,101,104,394,523,634
39 0,1,2,3,4,5,6,7,8,9,13,15,17,26,27,32,49,64,69,85,102,117,134,136,147,150,189,373,419,595
40 0,1,2,3,4,5,9,12,23,24,26,30,34,38,43,59,62,66,73,79,198,234,377,502,641
41 0,1,2,3,4,8,9,10,11,12,15,53,72,74,90,285,440,482,498
42 0,1,2,3,8,11,24,30,104,499,525
43 0,1,2,19,20,28,32,39,47,94,233,371,551
44 0,1,2,3,4,9,11,12,17,19,22,33,53,115,274,593,618
45 0,1,2,3,10,11,12,47,105,204,291,316
46 0,1,2,9,11,12,15,17,21,34,39,56,84,93,95,113,151,190,247,382,407,456
47 0,1,2,3,4,5,9,22,23,27,30,39,91,104,131,159,174,219,378,443,499,530,617
48 0,1,2,6,8,11,217
49 0,1,3,5,6,7,9,10,12,29,30,47,53,59,92,99,115,116,119,123,130,162,174,175,244,409,491
50 0,1,2,3,4,6,8,21,24,32,44,46,50,61,67,79,232,241,330,346,428,478,564,578,581
51 0,1,2,3,4,7,9,11,12,17,21,26,27,34,50,92,105,125,139,383,429,506,551,554,598
52 0,1,2,3,4,5,6,7,9,14,15,17,22,26,40,42,54,87,90,131,274,300,530
53 0,1,2,5,17,23,28,43,48,62,63,74,76,138,228,271,557
54 0,1,2,3,8,10,12,15,21,27,33,34,41,42,59,60,61,109,118,154,203,216,228,309,584,597
55 0,1,2,3,6,8,10,12,15,17,18,40,44,47,53,54,60,72,148,175,217
56 0,1,2,3,4,5,8,9,11,13,15,27,44,59,123,224,281,412,487,542
57 0,1,2,3,4,5,6,8,9,10,12,14,15,19,20,28,38,39,40,46,47,72,73,90,118,124,125,142,143,173,189,242,296,333,335,537,607,615
58 0,1,3,5,6,23,35,53,141,342
59 0,1,18,197,202,229
60 0,1,2,3,4,5,8,10,16,23,25,35,58,60,62,74,96,127,132,568
61 0,1,2,3,5,6,7,8,12,17,18,20,24,29,39,44,51,55,69,75,86,225,285,320,372,483,541,647
62 0,1,2,4,6,21,22,33,71,120,205,288,509
63 0,1,2,3,5,7,32,55,70,78,124,136,222,355,431,513
64 0,1,2,3,5,12,89,146,170
65 0,1,2,3,5,6,9,12,69,72,251,321,633
66 0,1,2,3,4,5,6,8,9,11,12,14,33,66,73,82,131,156,311,388,605
67 0,1,2,4,7,13,16,17,21,23,28,51,64,65,77,86,100,114,208,399
68 0,1,2,3,9,10,12,28,36,40,49,67,97,159,176,211,398
69 0,1,2,17,22,26,49,69,133,276,439,500
70 0,1,2,3,5,10,29,30,46,63,65,71,75,108,119,127,146,182,184,232,438
71 0,1,2,8,9,13,14,24,30,39,50,101,112,146,510,525,546
72 0,1,2,15,17,23,28,43,114,465,473,578
73 0,1,3,4,5,12,19,35,90,127,164,379
74 0,1,2,16,22,43,84,101,114,184,202,271,452
75 0,1,2,4,6,8,9,19,39,41,43,94,96,108,141,170
76 0,1,2,4,5,10,11,12,18,49,126,144,147
77 0,1,2,3,4,5,6,22,23,26,35,47,116,153,157,169,205,295,313,349,361,556
78 0,1,2,3,4,11,13,17,24,39,40,175,194
79 0,1,2,3,9,11,12,19,22,27,40,41,210,427,636
80 0,1,7,9,43
81 0,1,2,3,4,8,23,29,31,46,50,51,61,63,97,121,132,169,282,565,596
82 0,1,2,3,6,7,8,15,16,17,18,24,25,32,42,43,77,116,120,152,207,225,239,280,426
83 0,1,2,3,7,10,11,15,19,31,40,45,66,84,100,111,167,184,211,327,460
84 0,1,2,85
85 0,1,2,4,5,7,8,30,42,54
86 0,1,9,12,14,72,176,180
87 0,1,2,4,5,6,17,27,28,48,56,77,202,297,395,524
88 0,1,2,3,4,6,16,17,33,43,51,63,70,80,190,255,302,504,547
89 0,1,2,3,7,10,26,29,35,36,46,86,91,119,156,166,204
90 0,1,3,12,17,20,25,28,47,78,444
91 0,1,4,8,10,12,15,132,390
92 0,1,6,10,86
93 0,1,3,5,6,7,8,15,16,29,34,119,243,610
94 0,1,10,20,29,106
95 0,1,12,51,413
96 0,1,288
97 0,1,2,15,22,41,77,116
98 0,1,2,5,6,11,12,15,27,33,40,58,88,125,127,193,200,397
99 0,1,8,24,33,74,115
100 0,1,2,4,6,8,13,14,20,25,29,33,37,53,67,171,187,247,285,312,619,622
101 0,1,2,4,18,28,32,61,72
102 0,1,2,3,11,14,42,44,67,490,517
103 0,1,2,4,6,8,13,14,20,80,90,94,100,151,234,340,387,492,630
104 0,1,2,3,4,8,9,268
105 0,1,2,3,6,8,9,11,12,23,33,47,64,68,95,98,126,201,574
106 0,1,2,6,26,43,56,85,134,280,362
107 0,1,3,6,9,31,41,45,96,156,160,163,175,204,401,591,617
108 0,1,2,4,6,10,13,15,17,20,27,270,375,534,638
109 0,1,8,10,248
110 0,1,2,3,4,5,7,31,210,383,561
111 0,1,2,10,11,19,33,44,64,70,77,171,211
112 0,1,2,7,36,91,167,252,561,575
113 0,1,2,3,6,8,12,19,29,66,72,77,79,181,279
114 0,1,2,68,129,334
115 0,1,2,3,5,6,21,39,107,192,369,583
116 0,1,2,4,20,37,69
117 0,1,2,3,9,11,12,26,56,67,73,89,177,281,295,540
118 0,1,2,4,7,10,12,14,19,26,37,45,67,94,103,124,360
119 0,1,5,32,135,142,147,568
120 0,1,2,3,5,17,26,48,135
121 0,1,3,7,9,19,34,55,95
122 0,1,3,4,6,8,13,16,20,27,48,281,562
123 0,1
124 0,1,2,4,12,13,39,124,143,312
125 0,1,2,5,8,10,21,22,23,25,29,37,38,47,69,166,230,305,475
126 0,1,3,58,64,205
127 0,1,30,477
128 0,1,3,4,5,7,8,16,22,124,141,230,600
129 0,1,2,3,4,12,36,55,80,149,156,213,303,599
130 0,1,3
131 0,1,2,3,9,12,15,20,31,38,54,79,109,132
132 0,1,5,7,8,9,12,19,20,25,29,32,36,40,55,73,188,474
133 0,1,2,4,8,15,24,42,53,594
134 0,1,2,4,24,69,196,262,538
135 0,1,2,3,4,7,14,17,19,21,24,39,56,135,140,144,163,191,276,496
136 0,1,2,5,102,137
137 0,1,3,9,12
138 0,1,2,3,4,10,16,36,54,58,59,80,100,224,303,489
139 0,1,4,5,12,13,23,66,93,226,400
140 0,1,3,6,11,27,44,152,172,254,261
141 0,1,3,11,35,52,58,89
142 0,1,2,4,6,8,12,19,21,66,605
143 0,1,2,12,13,14,18,23,61,65
144 0,1,2,3,4,10,31,87,213,267,270
145 0,1,2,3,7,8,9,13,18,22,30,34,52,55,58,89,92,250,260,345,559,623
146 0,1,2,5,15,22,23,31,47,83,96,254,266,313,485
147 0,1,2,3,4,5,7,23,43,51,70,73,133,199,494
148 0,1,2,109,125
149 0,1,2,3,16,24,31,39,47,63,72,128,129,215,324,425,586
150 0,1,2,10,12,19,37,80,226,261
151 0,1,2,4,13,14,17,28,38,112,169,215,297,401
152 0,1
153 0,1,2,4,5,7,8,12,18,31,35,52,77,84,85,89,272,479,480
154 0,1,2,4,6,10,14,25,33,46,47,53,87,100,118,155,260,489,604
155 0,1,6,41,42,190,476
156 0,1,11,12,17,39
157 0,1,2,31,51,104
158 0,1,2,4,6,70,527
159 0,1,2,4,8,12,18,35,43,48,110,197
160 0,1,3,13,15,21,34,61,409,419
161 0,1,28
162 0,1,2,18,19,25,36,42,73,149,365,575
163 0,1,2,7,8,12,21,22,37,41,336,550
164 0,1,8,10,52,236
165 0,1,2,3,14,22
166 0,1,9,14,15,17,21,52,72,262,408
167 0,1,7,17,20,25,52,139,214
168 0,1,3,4,5,47,75,83,86,103,126,158
169 0,1,2,3,12,24,31,83,99,169,225
170 0,1,3,31,52,89,98,168
171 0,1,6,12,28,33,39,176
172 0,1,2,12,15,27,44,45,76,224,542
173 0,1,18,44,88,101,257
174 0,1,105,380
175 0,1,2,8,36,51
176 0,1,2,3,15,22,29,31,34,39,41,46,59,69,176,192,229
177 0,1,197
178 0,1,9,13,32,33,36,55,139,539,564
179 0,1,4,7,8,180,522
180 0,1,2,66
181 0,1,3,5,36,46,51,53,70,104,109,120,121,258,264
182 0,1,2,4,13,33,72,153,183,366,492
183 0,1,100
184 0,1,3,46,75,82,131,156
185 0,1,18,81
186 0,1,2,6,37,87,213
187 0,1,2,3,7,17,18,34,221
188 0,1,34,62,67
189 0,1,5,6,7,8,15,29,76,290
190 0,1,2,7,12,20,79,140
191 0,1,7,26,291
192 0,1,11,20,38
193 0,1,3,4,5,7,25,28,30,43,52,59,61,74,75,105,152,217
194 0,1,2,10,12,13,21,49,566,632
195 0,1,2,3,15,26,39,70,104,158,310
196 0,1,3,15,21,66,91,569
197 0,1,16
198 0,1,5,9,29
199 0,1,2,24,25,74,77,225,271
200 0,1,9,53
201 0,1,2,6,8,31,40,52,68,129,196
202 0,1,5,7,12,14,41,95,108
203 0,1,2,3,7,12,119,374,407
204 0,1,20,28
205 0,1,2,38,112,254
206 0,1,14,19,49,264,439
207 0,1,2,4,13,38,60,64,65,206,577
208 0,1,16,41,42,55,67,76,148,298,539
209 0,1,3,6,8,12,27,105,211
210 0,1,2,3,7,11,14,19,30,49,55,141,197,358
211 0,1,13,68,70,182,265,280,434,603
212 0,1,522
213 0,1,2,20,21,24,159,219
214 0,1,4,6,12,20,24,46,53,94,185
215 0,1,4,16,35,98,134
216 0,1,2,3,14,23,33,79,198,271,391,502
217 0,1,2,65,68,78,87,145,588
218 0,1,3,4,5,8,13,20,61,79
219 0,1,2,6,26,180,395,609
220 0,1,9,23
221 0,1,2
222 0,1,170,370
223 0,1,16,43,45,68,79,465
224 0,1,2,11,77,105,211,253
225 0,1,4,9,19,27,33,43,52,76,221,264,377
226 0,1,2,4,35,42
227 0,1,5,65,117,529,543
228 0,1,9,33,166,328,648
229 0,1,2,4,25,74,131,182,582
230 0,1,7,8
231 0,1,2,3,26,294,493
232 0,1,2,4,6,7,12,29,34,41,70,112,387,428,571
233 0,1,2,6,10,11,34,126,532
234 0,1,4,17,58,68,283,314
235 0,1,2,4,8,14,17,19,41,45,67,68,94,108,181,236,523
236 0,1
237 0,1,28,55,70
238 0,1,7,12,13
239 0,1,9,18,36,100,188,241,474
240 0,1,3,7,13
241 0,1,7,30,34,36,45,82,111,199,536,644
242 0,1,2,12,38
243 0,1,2,3,5,11,12,21,24,36,44,63,140
244 0,1,2,4,36,191,310,416
245 0,1,3,30,44,69,430,606
246 0,1,144
247 0,1
248 0,1,2,53
249 0,1,7
250 0,1,3,6,18,29,36,188,232,586
251 0,1,2,3,5,10,11,14,15,385
252 0,1,3,5,8,25,27,29,44,55,64,244,245,454,600
253 0,1,7,13,22,29,36,57,69,75,106,458
254 0,1,3,15,83
255 0,1,3,10,11,13,15,61,102,414
256 0,1,2,3,12,21,24,39,45,103,107,115,299,533
257 0,1,8,14
258 0,1,5,15,36,42,332
259 0,1,21,30
260 0,1,5,12,13,38,62,98,150,174
261 0,1,6,9,75
262 0,1,6,9
263 0,1,2,7,10,26,31,57,84,192,304
264 0,1,4,8,12,13,14,25,47,59,436,496
265 0,1,3,8,15,32,65,113,177,541
266 0,1,2,3,5,23,39,127,157,192,237
267 0,1,4,7,18,30,56,99,151,287
268 0,1,2,4,9,163,164,572
269 0,1
270 0,1,9,26,33,483
271 0,1
272 0,1,27,28
273 0,1,41,44,59,64,107,286
274 0,1,8,14,61,108,164,365,370
275 0,1,3,12,13,27,35,178,273,454
276 0,1,2,67,121,352
277 0,1,8,23,31,39,192,571
278 0,1,2,10,19,38,195
279 0,1,2,10,30,71
280 0,1,3,4,5,29,30,39,51,562
281 0,1,11
282 0,1,8,16,117,139,151,234
283 0,1,5
284 0,1,3,14,42,46,96,160
285 0,1,2,3,8,12,13,84
286 0,1,2,5,83,117,529
287 0,1,13,14,36
288 0,1,4,5,6,19,32,38,68,75,105,106,162
289 0,1,2,15,213,396
290 0,1,13,14,37
291 0,1,33,68,95,152,415
292 0,1
293 0,1,8
294 0,1,5,193,364,399
295 0,1,107,219,421
296 0,1,109,296
297 0,1,4,7,13,48,86,181,291,336
298 0,1,38,110,341
299 0,1,16,18,197,273
300 0,1,2,4,5,6,13,31,39,54,56,83,86,90,106,111,158,238,285
301 0,1,2,5,8,21,99,198,217,223,289
302 0,1,17,19,31,75
303 0,1,5,22,112,254
304 0,1,2,15,34,65,82,204
305 0,1,20,76,202,643
306 0,1,11
307 0,1,27,58
308 0,1,2,5,7,114,261
309 0,1,2,4,10,21,29,195,292,527
310 0,1,3,88
311 0,1,2,12,23,51
312 0,1,2,4,7,21,35,224
313 0,1,9,23,85,410
314 0,1,27,449
315 0,1,2,6,11,15,21
316 0,1,4,20
317 0,1,4,99,139
318 0,1,16
319 0,1,120
320 0,1
321 0,1
322 0,1,2,10,26,282
323 0,1,13,545
324 0,1,9,27,36,42
325 0,1,2,4,8,36,49,52
326 0,1,2,10,17,24,185
327 0,1,2,4,6,13,30,118,126,142,208,250
328 0,1,2,3,11
329 0,1,2,5,8,14,17,19,26,75,83,141,147,184,570
330 0,1,2,5,19,36,44
331 0,1,22,229
332 0,1,25,140,459,468
333 0,1,20
334 0,1,3,81
335 0,1,7,261
336 0,1
337 0,1,12,41,426,431
338 0,1,2,452
339 0,1,7,13,27
340 0,1,2,10,12,23,25,28,29,67,74,82,85,112,121,168,215,237,284,450,463
341 0,1,2,3,4,33,56,468
342 0,1,13,16,29
343 0,1
344 0,1,4,68,90,160,246,260,416,565
345 0,1,2,5,14,22,298,392
346 0,1,8,17,162,196,422
347 0,1,17,64
348 0,1
349 0,1,130,253
350 0,1,2,16,27
351 0,1,14,54,193,258
352 0,1,3,15,603
353 0,1,30,130
354 0,1,7,10,28
355 0,1,4,7,616
356 0,1,7,8,55,73
357 0,1,13,98,122,168,583
358 0,1,2,6,7,10,14,44,102
359 0,1,28,29,32,91
360 0,1,2,22,33,42,58,101,263,275
361 0,1,20,28,73,75,102,214
362 0,1,2,4,6,7,8,21,22,25,28,32
363 0,1,2,38,90
364 0,1,3,7,30,50
365 0,1,81,299,403
366 0,1,26,71
367 0,1,87
368 0,1,9,28,620
369 0,1,11,298
370 0,1,191
371 0,1,11
372 0,1,4,36,68,72,74,333,394
373 0,1,2
374 0,1,2,33,228
375 0,1,3,7,8,9,13,125
376 0,1,163,591
377 0,1,3,5,44,224
378 0,1,2,7,12,29,34,121,135
379 0,1,14,36
380 0,1,26
381 0,1,4,5,9,31,68,283,359
382 0,1,48,76
383 0,1,4,94,124,134
384 0,1,2,56
385 0,1,138
386 0,1
387 0,1,5,10,15
388 0,1
389 0,1,16
390 0,1
391 0,1,43
392 0,1,4,13,42,126
393 0,1,16,30
394 0,1,13,243
395 0,1,10,21,28
396 0,1,2,7,8,12,14,24,26,28,37,73
397 0,1,36,143,186,448
398 0,1,13
399 0,1,3,25,27,187
400 0,1,2,4,5,9,248
401 0,1,2,6,41,101
402 0,1,2,70,190
403 0,1,114
404 0,1,15,104
405 0,1,13,24,77
406 0,1,2,3,4,10,17,37,123,191,488
407 0,1,2,4,7,8,14,30,56,79,113
408 0,1,3,208,314,379,471
409 0,1,14,17,70,444,635
410 0,1,7,16,112,390
411 0,1,8,15
412 0,1,2,8
413 0,1,4,10,23,28
414 0,1,7,13,26,227
415 0,1,9,79,315
416 0,1
417 0,1,3,4,7,47,50,123,289,304,488
418 0,1,2,10
419 0,1,2,5,23,27,67,73,234
420 0,1,2,8,17,23,24,25,31,47,53,86,103,113,129,167,168,324
421 0,1,11,25,139,473
422 0,1,6,21,71,189,350,581,609
423 0,1
424 0,1,5,57,74,138,179
425 0,1,3,5,7,39,48
426 0,1,2,8,87,274
427 0,1,7,28,38,52,88,115,147,266
428 0,1,5
429 0,1,4,20,286,558
430 0,1
431 0,1,29
432 0,1,2,163
433 0,1,2
434 0,1,8,23,28
435 0,1,16
436 0,1,3,5,60,386
437 0,1,5,25,102,116,339,594
438 0,1,35,317
439 0,1,9
440 0,1,44
441 0,1,4,16,31,87
442 0,1,13
443 0,1,19,40,81,142
444 0,1,31,114
445 0,1,4,6,30,587
446 0,1,14,50,155,245
447 0,1,2,4,6,7,8,38,120,227,521
448 0,1,17,69,94,103
449 0,1,2,12,108
450 0,1,2,11,22,23
451 0,1,13,27,33,58,82,553
452 0,1,14,113,178
453 0,1,2,22,79,104
454 0,1,15,19
455 0,1,4,7,13,40,558
456 0,1,4,41,47,105
457 0,1,4,74,193,216
458 0,1
459 0,1
460 0,1,2,3,184
461 0,1,8,548
462 0,1,7,22,518
463 0,1,20
464 0,1,2,32,40,84,133,470
465 0,1,308
466 0,1
467 0,1
468 0,1
469 0,1,200,397
470 0,1
471 0,1,4,16,41,145
472 0,1,31,36,78,89
473 0,1,8,10,81,117,131,176,436,457
474 0,1,141,626
475 0,1,11
476 0,1,2,3,15,40,45,62,96,156,592
477 0,1,2,16,99,194
478 0,1
479 0,1,2,7,55,78,420
480 0,1,8,28
481 0,1,2,4,167,231
482 0,1,10,15,18,48,80,95
483 0,1,2,5,7,14
484 0,1,37,80
485 0,1,14,25,175,216
486 0,1,3,10,37
487 0,1,7,25,41,47,50,135,220,270,534
488 0,1,485
489 0,1,43
490 0,1,338
491 0,1
492 0,1,53,282
493 0,1,2,65,113,177,621
494 0,1,4
495 0,1
496 0,1,2
497 0,1,3,18
498 0,1,414
499 0,1,69
500 0,1,2,59
501 0,1
502 0,1,9,13,33,41
503 0,1,7,8,15,21
504 0,1,4
505 0,1,4,13,25,26
506 0,1,2,3,7,68,129
507 0,1,10,12,54
508 0,1,34,457
509 0,1,22,66,278
510 0,1,14,17,18,50,61,112,242,326
511 0,1,7,10,12,13,25,47,120,260,621
512 0,1,18
513 0,1,2,21,49
514 0,1,7,58,627
515 0,1,2,3,6,11,22,25,30,53,135
516 0,1,2,6
517 0,1,2,7
518 0,1,18,29,119,438
519 0,1,7,8
520 0,1,91
521 0,1,2,4,8,54,99,516
522 0,1,2,7,25,170
523 0,1,248
524 0,1,8,27,259
525 0,1
526 0,1
527 0,1
528 0,1
529 0,1,2,7,8,45
530 0,1,12,34
531 0,1,17
532 0,1,25
533 0,1
534 0,1
535 0,1,6,78
536 0,1,2,21,24,85
537 0,1,10,12,14,48,61,220
538 0,1,13,90
539 0,1,204
540 0,1,2,189,368
541 0,1,27
542 0,1,2,36,68,99,102
543 0,1
544 0,1,9,216,269
545 0,1,3,5
546 0,1,2,5,14,20,49
547 0,1,2,18,20,23,56,91
548 0,1,13,48,67,181
549 0,1,6,207
550 0,1,2,83,223
551 0,1,2,5,8,9,11,21,30,50,66,77,96,103,157,286,294
552 0,1,2,3,13,321,385
553 0,1,2,32,48
554 0,1,2,5,7,8,30
555 0,1,14,196,227
556 0,1,25,54,68,76
557 0,1,2,26,37,141,265
558 0,1,19,51
559 0,1,2,611
560 0,1,2,29
561 0,1,2,26
562 0,1
563 0,1,2,7,17,18,25,45,47
564 0,1,40
565 0,1
566 0,1,16,132,252
567 0,1,10
568 0,1,25,475
569 0,1,7,13,82
570 0,1
571 0,1,10,12,14,15,48,61,220
572 0,1
573 0,1,2,10,19,43,108,350
574 0,1,89,356
575 0,1,15,26,71
576 0,1,3,16
577 0,1,25,55
578 0,1,2,4,15,18
579 0,1,3
580 0,1,35,63
581 0,1,11
582 0,1
583 0,1,2,45,63,178
584 0,1,212
585 0,1,12,18
586 0,1,6,32,243,470
587 0,1,8,24
588 0,1,10,119
589 0,1,26,42,247
590 0,1,5,20,111
591 0,1,2
592 0,1
593 0,1,125
594 0,1,157
595 0,1,98,134
596 0,1,2,14,78,145
597 0,1,41,44
598 0,1,2,3,22,29,36
599 0,1,32
600 0,1,44,141,160,162,177
601 0,1,27
602 0,1,35,61,210
603 0,1,2,26,56,323,348
604 0,1,27
605 0,1,3,8,14,54,95
606 0,1,2,16
607 0,1,2,158
608 0,1,4,6,8,145
609 0,1,2,21
610 0,1,12,40
611 0,1,75,396
612 0,1,2,166
613 0,1,2,78,223
614 0,1
615 0,1,16
616 0,1
617 0,1,3
618 0,1,118
619 0,1,16
620 0,1
621 0,1
622 0,1
623 0,1
624 0,1,58,302
625 0,1,25,28,30
626 0,1,212
627 0,1,2,14,164,471
628 0,1
629 0,1,4
630 0,1,2,4,10,23,28
631 0,1,26
632 0,1,2,140
633 0,1,7,13
634 0,1,2
635 0,1,55,533
636 0,1,3,7,18,44,114,216,273
637 0,1,8,16
638 0,1,45,183
639 0,1,113
640 0,1,2
641 0,1,130,142
642 0,1,3,4,44
643 0,1
644 0,1,2,8,25,84,116,129,133,136,354,376
645 0,1,4,7,9,28
646 0,1
647 0,1,2,19,84
648 0,1,2,5,42,48,66,111,199
649 0,1,2,3
650 0,1,10,84,410
651 0,1,5
652 0,1,33,37
653 0,1,42
654 0,1,2,27,85
655 0,1,178
656 0,1,6
657 0,1,8,146,176,548
658 0,1,27
659 0,1,31
660 0,1,20,30,49,54,526
661 0,1,579
662 0,1,37,38,270,320,422
663 0,1,26,318
664 0,1,7,8,10,45,59,441,579
665 0,1
666 0,1,49
667 0,1,2,82,203
668 0,1
669 0,1,2,8,18,20,239
670 0,1,2,35,63
671 0,1,87
672 0,1,2,10
673 0,1,34,259
674 0,1,45,127
675 0,1,4,48
676 0,1
677 0,1,10,119,589
678 0,1,7,17,43,58,71
679 0,1
680 0,1
681 0,1,110
682 0,1
683 0,1,93
684 0,1
685 0,1,52,58
686 0,1
687 0,1,244
688 0,1
689 0,1
690 0,1,7
691 0,1
692 0,1
693 0,1,95
694 0,1,16,74
695 0,1,38
696 0,1
697 0,1,7,13,82
698 0,1
699 0,1,18,33,166,328,587,589
700 0,1,22,26,71
701 0,1
702 0,1
703 0,1,24
704 0,1,2,19,22,278
705 0,1,5,13,464
706 0,1,14,64
707 0,1,28,32
708 0,1
709 0,1,11,95,210
710 0,1,4,9,23,58,64,74,99,557
711 0,1,2,4,125
712 0,1,2,24
713 0,1
714 0,1
715 0,1,80
716 0,1
717 0,1,14,16,35,59,442
718 0,1
719 0,1,37
720 0,1,4,5,12,22,111,199,442
721 0,1
722 0,1,2,235
723 0,1,109
724 0,1,17,35
725 0,1,3,4,60,144
726 0,1,8,55
727 0,1,2,624
728 0,1,2,22
729 0,1,17
730 0,1,10,18,71,78,111,199,343
731 0,1,9,151
732 0,1,7,29
733 0,1,2,13,231
734 0,1,8,18,25
735 0,1
736 0,1,25
737 0,1
738 0,1,2
739 0,1,58
740 0,1,2
741 0,1,138
742 0,1
743 0,1
744 0,1
745 0,1,612
746 0,1,20
747 0,1
748 0,1
749 0,1,9,167,171
750 0,1,2,10,65,116
751 0,1,27
752 0,1,215,311
753 0,1,4,9,11,36,38,157,198
754 0,1
755 0,1,78
756 0,1,8,71
757 0,1,18,123
758 0,1,13,18,123
759 0,1
760 0,1
761 0,1
762 0,1,10,154
763 0,1,16
764 0,1,19
765 0,1,7,52,514
766 0,1,257
767 0,1,19
768 0,1,30,544
769 0,1,14,535
770 0,1
771 0,1
772 0,1,3,622
773 0,1
774 0,1,2,45,48,57,549
775 0,1
776 0,1
777 0,1,25,162
778 0,1,5,61,126,239,570
779 0,1,14,16,35,44
780 0,1,30,45,161
781 0,1,15,37,134
782 0,1,81,361,556
783 0,1,8,24,28,59
784 0,1,2,5,111,199
785 0,1,2
786 0,1,3,49,262
787 0,1,44
788 0,1,179
789 0,1,3,6,7
790 0,1,92,93
791 0,1,100,166
792 0,1,5,13
793 0,1,69,202
794 0,1,2,3
795 0,1,14,16,87
796 0,1,2,19,34,38,103,120,521
797 0,1,120,163,613
798 0,1,12,24,151
799 0,1,17,253
800 0,1,16,267
801 0,1,15
802 0,1,12,19,115
803 0,1,3,6,10,18,272
804 0,1,26,89,567
805 0,1
806 0,1
807 0,1,13,119
808 0,1
809 0,1
810 0,1
811 0,1,137,208
812 0,1,10
813 0,1,2
814 0,1,20
815 0,1
816 0,1,17
817 0,1
818 0,1
819 0,1,187
820 0,1,13
821 0,1,9,10
822 0,1,2
823 0,1,2,12,18,19,161
824 0,1
825 0,1
826 0,1
827 0,1
828 0,1
829 0,1,16
830 0,1,212
831 0,1
832 0,1,7,8
833 0,1,12,137,472
834 0,1,2,16,71,188
835 0,1,2,32,339
836 0,1,5
837 0,1
838 0,1,16,28
839 0,1
840 0,1
841 0,1,8,21,26,28
842 0,1
843 0,1
844 0,1,2,13,96,140,344
845 0,1,9,19,42
846 0,1,7,52
847 0,1
848 0,1
849 0,1
850 0,1,110
851 0,1,2,10,56
852 0,1,277
853 0,1,51,56,92
854 0,1
855 0,1,8,12,18,32,82,185
856 0,1,41
857 0,1,14
858 0,1
859 0,1,2
860 0,1,31
861 0,1,16,17
862 0,1,40,53,54
863 0,1,2,3,4,7,12,20,43,73,79,107,294,402
864 0,1
865 0,1,15,134,151
866 0,1
867 0,1
868 0,1,23,45,68,252,614
869 0,1,2
870 0,1,2,3
871 0,1
872 0,1,2,19,114
873 0,1,92,110,132,307
874 0,1,4
875 0,1,3,7,39
876 0,1,12,42,101
877 0,1,3,23,31,56,83,183,233,238
878 0,1,2,8,9,25
879 0,1,15,46,405
880 0,1,2
881 0,1,4,80,137
882 0,1,2,14
883 0,1,65,73,96,232,284,511
884 0,1,2
885 0,1,4,29,59,147
886 0,1,80,153
887 0,1,7
888 0,1
889 0,1,7,28,38,63
890 0,1,13,45
891 0,1
892 0,1,98
893 0,1,61
894 0,1,6,10,17,26,33,43,67,619
895 0,1,71
896 0,1
897 0,1,10,21,24,37
898 0,1
899 0,1
900 0,1,36,251
901 0,1
902 0,1,2,36
903 0,1
904 0,1
905 0,1
906 0,1,87
907 0,1,20,66,78
908 0,1
909 0,1,2,511
910 0,1
911 0,1
912 0,1
913 0,1,2,26
914 0,1
915 0,1
916 0,1
917 0,1,7,186
918 0,1
919 0,1
920 0,1,2
921 0,1,11,288
922 0,1,14,75
923 0,1
924 0,1
925 0,1
926 0,1,16,237
927 0,1,3,33,573
928 0,1,16,220
929 0,1
930 0,1,9
931 0,1,10,25,143
932 0,1,2,32
933 0,1,2,7,16,38,150
934 0,1
935 0,1,31
936 0,1,77
937 0,1
938 0,1,61
939 0,1,20
940 0,1
941 0,1
942 0,1,7,14
943 0,1,10,13,209
944 0,1,11
945 0,1,16
946 0,1,266,497
947 0,1,509
948 0,1,66
949 0,1,7,22,518,629
950 0,1,467
951 0,1,4
952 0,1,16
953 0,1,27
954 0,1,5
955 0,1,13,45
956 0,1
957 0,1,241
958 0,1,2
959 0,1,3,4,47,61,121,294
960 0,1
961 0,1,16
962 0,1,347,503
963 0,1,4,19
964 0,1
965 0,1,4,7,31,38,77
966 0,1,18,41
967 0,1
968 0,1
969 0,1
970 0,1,207
971 0,1,12
972 0,1,165
973 0,1,19,343
974 0,1,6,8,30,59
975 0,1,232
976 0,1
977 0,1
978 0,1,81
979 0,1,57
980 0,1
981 0,1,4,21
982 0,1,2,32,66,238
983 0,1
984 0,1,13,42,54,63,257
985 0,1
986 0,1,23
987 0,1,4
988 0,1
989 0,1,3,6
990 0,1,2,15,117
991 0,1
992 0,1,7,25
993 0,1,4
994 0,1
995 0,1,356
996 0,1,14,18
997 0,1
998 0,1,4,27
999 0,1,2
1000 0,1,348
1001 0,1,7,12
1002 0,1
1003 0,1,5,13,52,142
1004 0,1
1005 0,1
1006 0,1,2,110,129,249
1007 0,1,2,16
1008 0,1
1009 0,1,7,61
1010 0,1,2
1011 0,1,602
1012 0,1,2,65
1013 0,1
1014 0,1
1015 0,1,2,19
1016 0,1,3,6
1017 0,1,7,25
1018 0,1,8,20,34,139
1019 0,1,2,103,334
1020 0,1
1021 0,1,137,359,472
1022 0,1,507
1023 0,1
1024 0,1,424
1025 0,1,136
1026 0,1,296
1027 0,1
1028 0,1,7
1029 0,1
1030 0,1
1031 0,1,70
1032 0,1,2,4
1033 0,1
1034 0,1,18,55
1035 0,1
1036 0,1,8
1037 0,1,16
1038 0,1
1039 0,1
1040 0,1,44
1041 0,1,171
1042 0,1,43,171
1043 0,1
1044 0,1
1045 0,1
1046 0,1,19
1047 0,1
1048 0,1
1049 0,1
1050 0,1
1051 0,1,2,3,86,292
1052 0,1
1053 0,1
1054 0,1
1055 0,1
1056 0,1
1057 0,1,7
1058 0,1
1059 0,1
1060 0,1,26
1061 0,1,59
1062 0,1
1063 0,1,7,13
1064 0,1,19
1065 0,1,209
1066 0,1
1067 0,1,2
1068 0,1
1069 0,1,2,14
1070 0,1,491
1071 0,1
1072 0,1,20,240
1073 0,1,8,81,214
1074 0,1
1075 0,1,2,536
1076 0,1
1077 0,1
1078 0,1,52,165
1079 0,1
1080 0,1
1081 0,1
1082 0,1,4
1083 0,1,56
1084 0,1,2,13,23,26,36,637
1085 0,1
1086 0,1,70,445
1087 0,1
1088 0,1,50
1089 0,1,16
1090 0,1
1091 0,1,2,84,297
1092 0,1
1093 0,1,28,34,63,99,611
1094 0,1,118
1095 0,1,3,53,165
1096 0,1
1097 0,1,14
1098 0,1,477
1099 0,1,2
1100 0,1,2,326
1101 0,1
1102 0,1
1103 0,1,3,7,44,81,138
1104 0,1
1105 0,1,79
1106 0,1
1107 0,1,11,24
1108 0,1,31,52
1109 0,1,2
1110 0,1
1111 0,1,3,6,45
1112 0,1,38
1113 0,1,20,44
1114 0,1,89,141,177
1115 0,1
1116 0,1,2
1117 0,1,13
1118 0,1,8,303
1119 0,1
1120 0,1,3,4
1121 0,1,29
1122 0,1
1123 0,1,24
1124 0,1
1125 0,1,4
1126 0,1,13,98
1127 0,1
1128 0,1,128,167
1129 0,1,35,128,516
1130 0,1,71
1131 0,1,3,4
1132 0,1,7,218
1133 0,1
1134 0,1
1135 0,1
1136 0,1,2
1137 0,1
1138 0,1,2
1139 0,1
1140 0,1
1141 0,1,13,38
1142 0,1,88,193,404
1143 0,1
1144 0,1
1145 0,1,2,72
1146 0,1
1147 0,1,2
1148 0,1
1149 0,1,37
1150 0,1,2,56,79
1151 0,1,27,49
1152 0,1
1153 0,1
1154 0,1,72
1155 0,1,17,100
1156 0,1
1157 0,1,48,167
1158 0,1,3,4
1159 0,1,3
1160 0,1,449
1161 0,1
1162 0,1
1163 0,1,16
1164 0,1,2,4
1165 0,1
1166 0,1,207
1167 0,1,283,593
1168 0,1
1169 0,1
1170 0,1,281
1171 0,1
1172 0,1,2
1173 0,1,519
1174 0,1,371
1175 0,1,159
1176 0,1
1177 0,1,3,53
1178 0,1
1179 0,1,278
1180 0,1,8
1181 0,1
1182 0,1
1183 0,1
1184 0,1
1185 0,1,152,463
1186 0,1,28,161
1187 0,1
1188 0,1
1189 0,1,27,152
1190 0,1
1191 0,1
1192 0,1,29,446
1193 0,1
1194 0,1
1195 0,1,507
1196 0,1
1197 0,1
1198 0,1,332
1199 0,1,2
1200 0,1
1201 0,1
1202 0,1,2,37
1203 0,1,2
1204 0,1
1205 0,1
1206 0,1
1207 0,1
1208 0,1
1209 0,1,32
1210 0,1
1211 0,1,18,32,186
1212 0,1,27
1213 0,1
1214 0,1,71,142
1215 0,1
1216 0,1,10,566
1217 0,1,9,266,319
1218 0,1,2
1219 0,1,14
1220 0,1,16,101,514
1221 0,1
1222 0,1
1223 0,1
1224 0,1,40
1225 0,1
1226 0,1
1227 0,1
1228 0,1
1229 0,1
1230 0,1,20
1231 0,1,28
1232 0,1,45,347,503
1233 0,1
1234 0,1,8
1235 0,1
1236 0,1
1237 0,1,77,493
1238 0,1,56
1239 0,1
1240 0,1
1241 0,1
1242 0,1,2
1243 0,1
1244 0,1
1245 0,1
1246 0,1
1247 0,1
1248 0,1,327
1249 0,1,447
1250 0,1,18
1251 0,1,9
1252 0,1
1253 0,1
1254 0,1,111
1255 0,1,2,26,148,498
1256 0,1,48
1257 0,1
1258 0,1
1259 0,1
1260 0,1
1261 0,1
1262 0,1
1263 0,1,4
1264 0,1
1265 0,1
1266 0,1,2,27
1267 0,1
1268 0,1
1269 0,1
1270 0,1,64
1271 0,1
1272 0,1,114
1273 0,1
1274 0,1
1275 0,1
1276 0,1
1277 0,1
1278 0,1
1279 0,1
1280 0,1,55,82,490
1281 0,1,121
1282 0,1
1283 0,1,28,217
1284 0,1
1285 0,1
1286 0,1
1287 0,1,7,8
1288 0,1
1289 0,1
1290 0,1
1291 0,1,16,71,95
1292 0,1
1293 0,1,163
1294 0,1
1295 0,1,23,179
1296 0,1,131,138,476
1297 0,1,16,26,80,87
1298 0,1
1299 0,1,18,22,81
1300 0,1,13
1301 0,1,2,189
1302 0,1
1303 0,1
1304 0,1
1305 0,1
1306 0,1
1307 0,1
1308 0,1,3,6,8,14,15,143,349
1309 0,1,28,56,71
1310 0,1,57,183
1311 0,1
1312 0,1,38
1313 0,1
1314 0,1
1315 0,1,195
1316 0,1,5,17
1317 0,1
1318 0,1,2,20
1319 0,1,130,142
1320 0,1,35,239
1321 0,1
1322 0,1,2,3,25,139
1323 0,1,19
1324 0,1
1325 0,1,13
1326 0,1,2,4,68,209,469,574,614
1327 0,1,32
1328 0,1,4
1329 0,1,4,5,28,134,196
1330 0,1,8
1331 0,1
1332 0,1
1333 0,1
1334 0,1
1335 0,1
1336 0,1
1337 0,1
1338 0,1,15
1339 0,1,15,38,46
1340 0,1,10
1341 0,1
1342 0,1,2
1343 0,1
1344 0,1,18
1345 0,1,16
1346 0,1,27
1347 0,1,10
1348 0,1
1349 0,1,4,28,38
1350 0,1
1351 0,1
1352 0,1,7,612
1353 0,1
1354 0,1,2
1355 0,1,27
1356 0,1,110
1357 0,1
1358 0,1
1359 0,1,2
1360 0,1,35
1361 0,1,563
1362 0,1,81
1363 0,1
1364 0,1
1365 0,1
1366 0,1
1367 0,1
1368 0,1,17
1369 0,1,3
1370 0,1
1371 0,1
1372 0,1
1373 0,1
1374 0,1,19
1375 0,1
1376 0,1
1377 0,1
1378 0,1,205
1379 0,1
1380 0,1
1381 0,1,14
1382 0,1
1383 0,1,209
1384 0,1,2
1385 0,1
1386 0,1
1387 0,1,219
1388 0,1
1389 0,1
1390 0,1
1391 0,1,151,220
1392 0,1
1393 0,1
1394 0,1
1395 0,1
1396 0,1
1397 0,1,59,208
1398 0,1
1399 0,1,9
1400 0,1
1401 0,1
1402 0,1
1403 0,1,47
1404 0,1,209
1405 0,1
1406 0,1
1407 0,1
1408 0,1
1409 0,1,101,130
1410 0,1
1411 0,1
1412 0,1,32,130
1413 0,1
1414 0,1
1415 0,1
1416 0,1
1417 0,1
1418 0,1
1419 0,1
1420 0,1
1421 0,1,368
1422 0,1
1423 0,1
1424 0,1
1425 0,1
1426 0,1,7,73
1427 0,1,2,52
1428 0,1
1429 0,1
1430 0,1,116
1431 0,1
1432 0,1
1433 0,1
1434 0,1,92
1435 0,1,29,154
1436 0,1,2,501
1437 0,1,227
1438 0,1
1439 0,1
1440 0,1,2,57,186
1441 0,1,10
1442 0,1,3
1443 0,1,56
1444 0,1,10,53
1445 0,1
1446 0,1,5,6
1447 0,1,284
1448 0,1
1449 0,1,469
1450 0,1,3
1451 0,1,13
1452 0,1
1453 0,1,43
1454 0,1
1455 0,1,84,200
1456 0,1
1457 0,1,2
1458 0,1,2,4
1459 0,1,20
1460 0,1
1461 0,1
1462 0,1
1463 0,1,3
1464 0,1,13
1465 0,1,59
1466 0,1,82,200
1467 0,1,43
1468 0,1,75
1469 0,1,29
1470 0,1
1471 0,1,208
1472 0,1
1473 0,1
1474 0,1,325
1475 0,1,75
1476 0,1
1477 0,1,13
1478 0,1
1479 0,1
1480 0,1,49
1481 0,1
1482 0,1
1483 0,1,2,4,174
1484 0,1
1485 0,1
1486 0,1
1487 0,1,84
1488 0,1,2,23,26,95
1489 0,1,2
1490 0,1,4,57
1491 0,1
1492 0,1
1493 0,1
1494 0,1
1495 0,1
1496 0,1,4
1497 0,1,84,560
1498 0,1
1499 0,1,2,26,200
1500 0,1,14,28,32,61
1501 0,1,7
1502 0,1
1503 0,1,13
1504 0,1,94,159
1505 0,1
1506 0,1
1507 0,1
1508 0,1,83,93
1509 0,1
1510 0,1
1511 0,1,456
1512 0,1,249
1513 0,1,613
1514 0,1,38
1515 0,1
1516 0,1,2
1517 0,1
1518 0,1
1519 0,1,8
1520 0,1,72
1521 0,1,16
1522 0,1,2,12,64
1523 0,1,4
1524 0,1
1525 0,1
1526 0,1,277
1527 0,1
1528 0,1,515
1529 0,1
1530 0,1,47
1531 0,1
1532 0,1
1533 0,1
1534 0,1
1535 0,1
1536 0,1
1537 0,1,16
1538 0,1,8
1539 0,1,12
1540 0,1
1541 0,1
1542 0,1
1543 0,1,22
1544 0,1
1545 0,1
1546 0,1
1547 0,1
1548 0,1,16
1549 0,1
1550 0,1
1551 0,1
1552 0,1
1553 0,1
1554 0,1,10
1555 0,1
1556 0,1
1557 0,1
1558 0,1
1559 0,1
1560 0,1,71
1561 0,1
1562 0,1
1563 0,1
1564 0,1
1565 0,1
1566 0,1
1567 0,1
1568 0,1,10
1569 0,1
1570 0,1
1571 0,1
1572 0,1,106
1573 0,1
1574 0,1
1575 0,1
1576 0,1
1577 0,1,23
1578 0,1
1579 0,1
1580 0,1
1581 0,1,36
1582 0,1
1583 0,1
1584 0,1
1585 0,1
1586 0,1,35,295
1587 0,1
1588 0,1
1589 0,1
1590 0,1
1591 0,1
1592 0,1,56
1593 0,1
1594 0,1,11
1595 0,1
1596 0,1
1597 0,1
1598 0,1
1599 0,1
1600 0,1
1601 0,1
1602 0,1,110
1603 0,1,114
1604 0,1
1605 0,1
1606 0,1
1607 0,1
1608 0,1
1609 0,1,500
1610 0,1,18,433,559
1611 0,1
1612 0,1
1613 0,1,26
1614 0,1
1615 0,1
1616 0,1,4,459
1617 0,1
1618 0,1
1619 0,1
1620 0,1,20
1621 0,1,2
1622 0,1
1623 0,1
1624 0,1,2
1625 0,1,4
1626 0,1,9
1627 0,1
1628 0,1
1629 0,1,497
1630 0,1
1631 0,1
1632 0,1,6,60
1633 0,1
1634 0,1,4,292
1635 0,1
1636 0,1
1637 0,1
1638 0,1
1639 0,1,2,71
1640 0,1
1641 0,1
1642 0,1
1643 0,1,351
1644 0,1,286
1645 0,1
1646 0,1
1647 0,1,4,38,249
1648 0,1,91,128
1649 0,1,2,63
1650 0,1,18,51,183
1651 0,1
1652 0,1,21
1653 0,1
1654 0,1
1655 0,1,4,382
1656 0,1,89
1657 0,1
1658 0,1
1659 0,1
1660 0,1,3,6,11
1661 0,1
1662 0,1,2
1663 0,1,272
1664 0,1
1665 0,1
1666 0,1,31
1667 0,1,36
1668 0,1,16
1669 0,1,10
1670 0,1
1671 0,1
1672 0,1,128
1673 0,1,160
1674 0,1,57
1675 0,1
1676 0,1
1677 0,1,3,4,46,80
1678 0,1
1679 0,1
1680 0,1,108,267
1681 0,1,218
1682 0,1
1683 0,1,7
1684 0,1
1685 0,1,7,45
1686 0,1
1687 0,1
1688 0,1
1689 0,1,620
1690 0,1
1691 0,1
1692 0,1
1693 0,1,2,30
1694 0,1,10
1695 0,1
1696 0,1
1697 0,1,82
1698 0,1
1699 0,1
1700 0,1,70
1701 0,1,2,3,18
1702 0,1,4,8,9,17,106,108,441
1703 0,1
1704 0,1
1705 0,1,45
1706 0,1,13
1707 0,1
1708 0,1
1709 0,1
1710 0,1,2
1711 0,1
1712 0,1
1713 0,1
1714 0,1,185
1715 0,1,27,38
1716 0,1,52
1717 0,1
1718 0,1,378
1719 0,1,258
1720 0,1,73,284
1721 0,1,18
1722 0,1
1723 0,1
1724 0,1
1725 0,1
1726 0,1
1727 0,1
1728 0,1,60
1729 0,1
1730 0,1
1731 0,1
1732 0,1,7,45
1733 0,1,235
1734 0,1,78
1735 0,1
1736 0,1
1737 0,1
1738 0,1
1739 0,1,2
1740 0,1
1741 0,1
1742 0,1
1743 0,1
1744 0,1,27,37
1745 0,1
1746 0,1,9
1747 0,1
1748 0,1
1749 0,1,188
1750 0,1
1751 0,1
1752 0,1
1753 0,1
1754 0,1,317
1755 0,1
1756 0,1,215
1757 0,1
1758 0,1
1759 0,1,18
1760 0,1,2,13
1761 0,1
1762 0,1
1763 0,1,14
1764 0,1
1765 0,1
1766 0,1,233
1767 0,1
1768 0,1
1769 0,1
1770 0,1,2,3,6,11,133
1771 0,1,77
1772 0,1
1773 0,1,12
1774 0,1,18,20,363,484
1775 0,1
1776 0,1
1777 0,1,5
1778 0,1
1779 0,1
1780 0,1
1781 0,1
1782 0,1
1783 0,1
1784 0,1
1785 0,1
1786 0,1,40
1787 0,1
1788 0,1
1789 0,1
1790 0,1
1791 0,1
1792 0,1,351
1793 0,1
1794 0,1
1795 0,1
1796 0,1
1797 0,1
1798 0,1
1799 0,1
1800 0,1,15
1801 0,1,15
1802 0,1
1803 0,1
1804 0,1,16
1805 0,1
1806 0,1
1807 0,1
1808 0,1
1809 0,1,14
1810 0,1
1811 0,1
1812 0,1,9
1813 0,1
1814 0,1,27
1815 0,1,23,289
1816 0,1
1817 0,1
1818 0,1
1819 0,1
1820 0,1
1821 0,1,563
1822 0,1
1823 0,1,70
1824 0,1
1825 0,1,4
1826 0,1
1827 0,1,2
1828 0,1,4
1829 0,1
1830 0,1
1831 0,1
1832 0,1
1833 0,1
1834 0,1
1835 0,1,9,16
1836 0,1
1837 0,1
1838 0,1
1839 0,1
1840 0,1
1841 0,1
1842 0,1
1843 0,1
1844 0,1
1845 0,1
1846 0,1
1847 0,1
1848 0,1
1849 0,1
1850 0,1
1851 0,1,26
1852 0,1
1853 0,1,136
1854 0,1
1855 0,1
1856 0,1
1857 0,1,2
1858 0,1
1859 0,1
1860 0,1
1861 0,1
1862 0,1
1863 0,1,81
1864 0,1
1865 0,1
1866 0,1
1867 0,1,2
1868 0,1
1869 0,1
1870 0,1,16
1871 0,1,12
1872 0,1
1873 0,1
1874 0,1,73
1875 0,1
1876 0,1
1877 0,1
1878 0,1
1879 0,1,114
1880 0,1
1881 0,1,4
1882 0,1
1883 0,1
1884 0,1,40
1885 0,1
1886 0,1,367
1887 0,1
1888 0,1
1889 0,1
1890 0,1
1891 0,1,535
1892 0,1,23
1893 0,1
1894 0,1
1895 0,1,9
1896 0,1
1897 0,1
1898 0,1,13
1899 0,1
1900 0,1,6
1901 0,1
1902 0,1
1903 0,1
1904 0,1,16
1905 0,1
1906 0,1
1907 0,1,2,10
1908 0,1
1909 0,1
1910 0,1
1911 0,1
1912 0,1,402
1913 0,1
1914 0,1
1915 0,1
1916 0,1
1917 0,1
1918 0,1
1919 0,1
1920 0,1
1921 0,1
1922 0,1,193
1923 0,1
1924 0,1
1925 0,1
1926 0,1
1927 0,1,86
1928 0,1
1929 0,1
1930 0,1,52
1931 0,1
1932 0,1
1933 0,1,70
1934 0,1
1935 0,1,2
1936 0,1
1937 0,1,61
1938 0,1
1939 0,1,24
1940 0,1
1941 0,1
1942 0,1
1943 0,1,2
1944 0,1,12,68,148
1945 0,1
1946 0,1
1947 0,1
1948 0,1
1949 0,1
1950 0,1,56
1951 0,1
1952 0,1,20,69
1953 0,1
1954 0,1
1955 0,1,3
1956 0,1,45
1957 0,1
1958 0,1,27
1959 0,1,128
1960 0,1
1961 0,1,136
1962 0,1,47
1963 0,1
1964 0,1,297
1965 0,1
1966 0,1
1967 0,1,4
1968 0,1
1969 0,1
1970 0,1,182
1971 0,1,128
1972 0,1
1973 0,1,8
1974 0,1
1975 0,1
1976 0,1
1977 0,1,30
1978 0,1
1979 0,1
1980 0,1
1981 0,1
1982 0,1
1983 0,1,9
1984 0,1
1985 0,1
1986 0,1
1987 0,1
1988 0,1
1989 0,1
1990 0,1
1991 0,1
1992 0,1
1993 0,1,38
1994 0,1
1995 0,1,2,5,6,94
1996 0,1,9
1997 0,1
1998 0,1
1999 0,1
2000 0,1
2001 0,1
2002 0,1,7,12,245
2003 0,1
2004 0,1
2005 0,1
2006 0,1
2007 0,1,300
2008 0,1
2009 0,1,15
2010 0,1
2011 0,1,4
2012 0,1,384
2013 0,1
2014 0,1
2015 0,1
2016 0,1,25,376,582
2017 0,1
2018 0,1
2019 0,1
2020 0,1,194
2021 0,1,55
2022 0,1
2023 0,1
2024 0,1
2025 0,1
2026 0,1
2027 0,1
2028 0,1,45,66
2029 0,1,435
2030 0,1
2031 0,1
2032 0,1
2033 0,1
2034 0,1
2035 0,1
2036 0,1
2037 0,1,9
2038 0,1
2039 0,1
2040 0,1
2041 0,1
2042 0,1,27,73
2043 0,1
2044 0,1
2045 0,1
2046 0,1
2047 0,1,49
2048 0,1
2049 0,1
2050 0,1
2051 0,1,11,29,136,555
2052 0,1
2053 0,1
2054 0,1
2055 0,1,59,584,597
2056 0,1
2057 0,1
2058 0,1
2059 0,1
2060 0,1,36
2061 0,1,391
2062 0,1
2063 0,1
2064 0,1,18,280
2065 0,1
2066 0,1,11,24
2067 0,1,34
2068 0,1
2069 0,1
2070 0,1
2071 0,1
2072 0,1,57
2073 0,1
2074 0,1
2075 0,1
2076 0,1
2077 0,1
2078 0,1
2079 0,1
2080 0,1,2,5,32
2081 0,1
2082 0,1
2083 0,1,14
2084 0,1
2085 0,1,8,14
2086 0,1
2087 0,1
2088 0,1
2089 0,1
2090 0,1,128
2091 0,1
2092 0,1
2093 0,1
2094 0,1
2095 0,1
2096 0,1
2097 0,1
2098 0,1
2099 0,1
2100 0,1
2101 0,1
2102 0,1
2103 0,1
2104 0,1
2105 0,1
2106 0,1
2107 0,1
2108 0,1
2109 0,1
2110 0,1
2111 0,1
2112 0,1
2113 0,1,61
2114 0,1
2115 0,1
2116 0,1
2117 0,1,29
2118 0,1,16
2119 0,1
2120 0,1
2121 0,1
2122 0,1
2123 0,1
2124 0,1
2125 0,1
2126 0,1
2127 0,1
2128 0,1,9
2129 0,1
2130 0,1
2131 0,1
2132 0,1
2133 0,1
2134 0,1
2135 0,1
2136 0,1
2137 0,1
2138 0,1
2139 0,1
2140 0,1
2141 0,1
2142 0,1
2143 0,1
2144 0,1
2145 0,1
2146 0,1
2147 0,1
2148 0,1
2149 0,1
2150 0,1
2151 0,1
2152 0,1
2153 0,1
2154 0,1
2155 0,1
2156 0,1
2157 0,1
2158 0,1,19
2159 0,1
2160 0,1
2161 0,1,69
2162 0,1
2163 0,1
2164 0,1
2165 0,1
2166 0,1,4
2167 0,1
2168 0,1,31
2169 0,1
2170 0,1
2171 0,1,8
2172 0,1
2173 0,1,22
2174 0,1
2175 0,1
2176 0,1
2177 0,1
2178 0,1,3
2179 0,1
2180 0,1
2181 0,1
2182 0,1
2183 0,1
2184 0,1,417
2185 0,1,8
2186 0,1
2187 0,1
2188 0,1
2189 0,1
2190 0,1
2191 0,1
2192 0,1,460
2193 0,1
2194 0,1
2195 0,1
2196 0,1
2197 0,1,4
2198 0,1
2199 0,1
2200 0,1
2201 0,1
2202 0,1
2203 0,1
2204 0,1
2205 0,1
2206 0,1
2207 0,1
2208 0,1
2209 0,1
2210 0,1
2211 0,1
2212 0,1
2213 0,1,26
2214 0,1
2215 0,1
2216 0,1
2217 0,1
2218 0,1
2219 0,1
2220 0,1
2221 0,1,417
2222 0,1
2223 0,1
2224 0,1
2225 0,1
2226 0,1
2227 0,1
2228 0,1
2229 0,1
2230 0,1
2231 0,1
2232 0,1
2233 0,1
2234 0,1
2235 0,1
2236 0,1
2237 0,1
2238 0,1
2239 0,1
2240 0,1
2241 0,1
2242 0,1,550
2243 0,1
2244 0,1
2245 0,1
2246 0,1
2247 0,1
2248 0,1
2249 0,1
2250 0,1
2251 0,1,16
2252 0,1
2253 0,1
2254 0,1
2255 0,1
2256 0,1
2257 0,1
2258 0,1
2259 0,1
2260 0,1
2261 0,1
2262 0,1
2263 0,1,29
2264 0,1
2265 0,1
2266 0,1
2267 0,1,8
2268 0,1
2269 0,1
2270 0,1
2271 0,1
2272 0,1
2273 0,1
2274 0,1
2275 0,1
2276 0,1
2277 0,1,276
2278 0,1,65,230
2279 0,1
2280 0,1,191
2281 0,1
2282 0,1,18
2283 0,1
2284 0,1
2285 0,1
2286 0,1,631
2287 0,1
2288 0,1
2289 0,1
2290 0,1,2
2291 0,1
2292 0,1
2293 0,1,3
2294 0,1
2295 0,1
2296 0,1
2297 0,1,2,32
2298 0,1
2299 0,1,7,122
2300 0,1
2301 0,1
2302 0,1
2303 0,1
2304 0,1
2305 0,1
2306 0,1
2307 0,1
2308 0,1
2309 0,1,3,10
2310 0,1
2311 0,1
2312 0,1
2313 0,1
2314 0,1
2315 0,1
2316 0,1
2317 0,1
2318 0,1,203,216
2319 0,1
2320 0,1,2
2321 0,1
2322 0,1
2323 0,1
2324 0,1,26
2325 0,1
2326 0,1
2327 0,1
2328 0,1
2329 0,1
2330 0,1
2331 0,1
2332 0,1
2333 0,1,59
2334 0,1,20
2335 0,1
2336 0,1,265
2337 0,1
2338 0,1
2339 0,1
2340 0,1
2341 0,1,35
2342 0,1
2343 0,1
2344 0,1
2345 0,1
2346 0,1
2347 0,1,36
2348 0,1,7,12,464
2349 0,1,6,60
2350 0,1,3,78
2351 0,1
2352 0,1
2353 0,1,50
2354 0,1
2355 0,1
2356 0,1
2357 0,1
2358 0,1
2359 0,1,12
2360 0,1
2361 0,1
2362 0,1
2363 0,1
2364 0,1
2365 0,1,2,72
2366 0,1
2367 0,1,10,78
2368 0,1
2369 0,1
2370 0,1,9
2371 0,1
2372 0,1
2373 0,1
2374 0,1
2375 0,1
2376 0,1,23
2377 0,1,8,39,92
2378 0,1
2379 0,1
2380 0,1,14,32
2381 0,1
2382 0,1,6,54
2383 0,1
2384 0,1
2385 0,1
2386 0,1
2387 0,1
2388 0,1
2389 0,1
2390 0,1
2391 0,1
2392 0,1
2393 0,1
2394 0,1
2395 0,1
2396 0,1
2397 0,1
2398 0,1
2399 0,1
2400 0,1
2401 0,1
2402 0,1
2403 0,1
2404 0,1
2405 0,1,13
2406 0,1
2407 0,1
2408 0,1
2409 0,1
2410 0,1
2411 0,1
2412 0,1
2413 0,1,11
2414 0,1
2415 0,1,2,15
2416 0,1
2417 0,1
2418 0,1
2419 0,1
2420 0,1,16
2421 0,1,3
2422 0,1,14
2423 0,1
2424 0,1
2425 0,1
2426 0,1,519
2427 0,1
2428 0,1
2429 0,1
2430 0,1
2431 0,1
2432 0,1,45
2433 0,1
2434 0,1
2435 0,1
2436 0,1,124
2437 0,1
2438 0,1
2439 0,1,29,96
2440 0,1
2441 0,1,62
2442 0,1
2443 0,1
2444 0,1
2445 0,1,110
2446 0,1
2447 0,1
2448 0,1
2449 0,1,8,136,384,572
2450 0,1
2451 0,1
2452 0,1
2453 0,1,157
2454 0,1
2455 0,1
2456 0,1
2457 0,1,30
2458 0,1
2459 0,1,7,9,58
2460 0,1
2461 0,1
2462 0,1
2463 0,1
2464 0,1
2465 0,1
2466 0,1
2467 0,1
2468 0,1
2469 0,1
2470 0,1,3
2471 0,1,34,592
2472 0,1,2,88,487
2473 0,1,6
2474 0,1,31
2475 0,1
2476 0,1,41,606
2477 0,1,16,54
2478 0,1
2479 0,1,52
2480 0,1
2481 0,1,7,80
2482 0,1,217,573
2483 0,1,23,28
2484 0,1
2485 0,1
2486 0,1
2487 0,1
2488 0,1,18,182
2489 0,1
2490 0,1
2491 0,1
2492 0,1,47,257,585,598
2493 0,1
2494 0,1
2495 0,1
2496 0,1
2497 0,1
2498 0,1
2499 0,1,413
2500 0,1,56,202
2501 0,1,172
2502 0,1
2503 0,1
2504 0,1
2505 0,1,35
2506 0,1,6,34,287
2507 0,1
2508 0,1
2509 0,1,98
2510 0,1,70
2511 0,1
2512 0,1
2513 0,1
2514 0,1,13,166,291
2515 0,1,34
2516 0,1
2517 0,1
2518 0,1
2519 0,1,30,305
2520 0,1
2521 0,1
2522 0,1
2523 0,1
2524 0,1
2525 0,1
2526 0,1
2527 0,1
2528 0,1
2529 0,1
2530 0,1
2531 0,1
2532 0,1
2533 0,1
2534 0,1
2535 0,1
2536 0,1,50,96
2537 0,1,45
2538 0,1,6,120
2539 0,1
2540 0,1
2541 0,1
2542 0,1
2543 0,1
2544 0,1
2545 0,1
2546 0,1
2547 0,1
2548 0,1
2549 0,1
2550 0,1,24
2551 0,1,2
2552 0,1
2553 0,1
2554 0,1
2555 0,1
2556 0,1
2557 0,1,11
2558 0,1
2559 0,1
2560 0,1
2561 0,1
2562 0,1,10
2563 0,1
2564 0,1,29
2565 0,1
2566 0,1
2567 0,1
2568 0,1
2569 0,1
2570 0,1
2571 0,1,117
2572 0,1
2573 0,1,33,504
2574 0,1
2575 0,1
2576 0,1
2577 0,1
2578 0,1
2579 0,1
2580 0,1,17
2581 0,1
2582 0,1
2583 0,1
2584 0,1,33,67
2585 0,1,204
2586 0,1
2587 0,1
2588 0,1
2589 0,1
2590 0,1
2591 0,1
2592 0,1
2593 0,1
2594 0,1
2595 0,1
2596 0,1
2597 0,1
2598 0,1
2599 0,1
2600 0,1
2601 0,1
2602 0,1
2603 0,1
2604 0,1
2605 0,1
2606 0,1
2607 0,1
2608 0,1
2609 0,1
2610 0,1
2611 0,1
2612 0,1
2613 0,1,241
2614 0,1
2615 0,1,455
2616 0,1
2617 0,1
2618 0,1
2619 0,1
2620 0,1
2621 0,1
2622 0,1
2623 0,1
2624 0,1
2625 0,1
2626 0,1
2627 0,1
2628 0,1
2629 0,1
2630 0,1
2631 0,1
2632 0,1
2633 0,1
2634 0,1
2635 0,1
2636 0,1
2637 0,1
2638 0,1
2639 0,1
2640 0,1
2641 0,1
2642 0,1
2643 0,1
2644 0,1
2645 0,1
2646 0,1
2647 0,1
2648 0,1
2649 0,1
2650 0,1
2651 0,1
2652 0,1
2653 0,1
2654 0,1
2655 0,1
2656 0,1
2657 0,1
2658 0,1
2659 0,1
2660 0,1
2661 0,1
2662 0,1
2663 0,1
2664 0,1
2665 0,1
2666 0,1
2667 0,1
2668 0,1
2669 0,1,6
2670 0,1
2671 0,1
2672 0,1
2673 0,1
2674 0,1
2675 0,1
2676 0,1
2677 0,1
2678 0,1
2679 0,1
2680 0,1
2681 0,1
2682 0,1
2683 0,1
2684 0,1,13
2685 0,1
2686 0,1
2687 0,1
2688 0,1
2689 0,1
2690 0,1
2691 0,1
2692 0,1
2693 0,1
2694 0,1
2695 0,1
2696 0,1
2697 0,1
2698 0,1
2699 0,1
2700 0,1
2701 0,1
2702 0,1
2703 0,1
2704 0,1
2705 0,1
2706 0,1
2707 0,1,10
2708 0,1
2709 0,1
2710 0,1
2711 0,1
2712 0,1
2713 0,1
2714 0,1
2715 0,1
2716 0,1
2717 0,1
2718 0,1
2719 0,1
2720 0,1
2721 0,1
2722 0,1
2723 0,1
2724 0,1
2725 0,1
2726 0,1
2727 0,1
2728 0,1
2729 0,1
2730 0,1
2731 0,1
2732 0,1
2733 0,1
2734 0,1
2735 0,1
2736 0,1
2737 0,1
2738 0,1
2739 0,1
2740 0,1
2741 0,1
2742 0,1
2743 0,1
2744 0,1
2745 0,1
2746 0,1
2747 0,1
2748 0,1
2749 0,1
2750 0,1
2751 0,1
2752 0,1
2753 0,1
2754 0,1
2755 0,1
2756 0,1
2757 0,1
2758 0,1
2759 0,1
2760 0,1
2761 0,1
2762 0,1
2763 0,1
2764 0,1
2765 0,1
2766 0,1
2767 0,1
2768 0,1
2769 0,1
2770 0,1
2771 0,1
2772 0,1
2773 0,1
2774 0,1
2775 0,1
2776 0,1
2777 0,1
2778 0,1
2779 0,1
2780 0,1
2781 0,1
2782 0,1
2783 0,1
2784 0,1
2785 0,1
2786 0,1
2787 0,1
2788 0,1
2789 0,1
2790 0,1
2791 0,1
2792 0,1
2793 0,1
2794 0,1
2795 0,1
2796 0,1
2797 0,1
2798 0,1
2799 0,1
2800 0,1
2801 0,1
2802 0,1
2803 0,1
2804 0,1
2805 0,1
2806 0,1
2807 0,1
2808 0,1
2809 0,1
2810 0,1
2811 0,1
2812 0,1
2813 0,1
2814 0,1
2815 0,1
2816 0,1
2817 0,1
2818 0,1
2819 0,1
2820 0,1
2821 0,1
2822 0,1
2823 0,1
2824 0,1
2825 0,1
2826 0,1
2827 0,1
2828 0,1
2829 0,1
2830 0,1
2831 0,1
2832 0,1
2833 0,1
2834 0,1
2835 0,1
2836 0,1
2837 0,1,5
2838 0,1
2839 0,1,83
2840 0,1,4
2841 0,1
2842 0,1
2843 0,1
2844 0,1
2845 0,1
2846 0,1
2847 0,1
2848 0,1
2849 0,1
2850 0,1
2851 0,1
2852 0,1
2853 0,1
2854 0,1
2855 0,1
2856 0,1
2857 0,1
2858 0,1
2859 0,1
2860 0,1
2861 0,1,4,9,190
2862 0,1
2863 0,1
2864 0,1,5,49
2865 0,1,2
2866 0,1
2867 0,1
2868 0,1
2869 0,1
2870 0,1
2871 0,1,9
2872 0,1
2873 0,1
2874 0,1
2875 0,1,4
2876 0,1
2877 0,1
2878 0,1
2879 0,1
2880 0,1
2881 0,1
2882 0,1
2883 0,1
2884 0,1
2885 0,1
2886 0,1,6
2887 0,1
2888 0,1
2889 0,1
2890 0,1
2891 0,1
2892 0,1,81
2893 0,1,13
2894 0,1,81,427
2895 0,1,5,14,70
2896 0,1,12,16
2897 0,1,307
2898 0,1
2899 0,1
2900 0,1
2901 0,1,375
2902 0,1
2903 0,1,4,38
2904 0,1
2905 0,1
2906 0,1
2907 0,1
2908 0,1
2909 0,1
2910 0,1,2,40
2911 0,1
2912 0,1
2913 0,1
2914 0,1
2915 0,1,5
2916 0,1,4
2917 0,1
2918 0,1
2919 0,1
2920 0,1
2921 0,1,56
2922 0,1,9
2923 0,1
2924 0,1,5,121
2925 0,1,26,182
2926 0,1,150,262
2927 0,1,116
2928 0,1
2929 0,1
2930 0,1
2931 0,1,13
2932 0,1,84
2933 0,1,9,48
2934 0,1
2935 0,1
2936 0,1
2937 0,1
2938 0,1
2939 0,1
2940 0,1,4
2941 0,1
2942 0,1,2,5,161
2943 0,1,2,14
2944 0,1
2945 0,1,14,102
2946 0,1
2947 0,1,197
2948 0,1,3
2949 0,1
2950 0,1
2951 0,1,275
2952 0,1
2953 0,1
2954 0,1
2955 0,1
2956 0,1,4
2957 0,1
2958 0,1,4
2959 0,1
2960 0,1
2961 0,1,160
2962 0,1
2963 0,1
2964 0,1
2965 0,1
2966 0,1
2967 0,1
2968 0,1
2969 0,1
2970 0,1
2971 0,1,51
2972 0,1
2973 0,1,91
2974 0,1
2975 0,1
2976 0,1
2977 0,1,404
2978 0,1
2979 0,1
2980 0,1
2981 0,1
2982 0,1,31
2983 0,1,2,75,155
2984 0,1,4,20
2985 0,1,91
2986 0,1,85,233
2987 0,1,138
2988 0,1,15
2989 0,1,3,26
2990 0,1,2,9,22
2991 0,1
2992 0,1,2,4
2993 0,1
2994 0,1
2995 0,1
2996 0,1
2997 0,1
2998 0,1
2999 0,1,71
3000 0,1
3001 0,1
3002 0,1
3003 0,1,22,70,109,287
3004 0,1,120
3005 0,1
3006 0,1
3007 0,1
3008 0,1
3009 0,1,77
3010 0,1
3011 0,1,9
3012 0,1
3013 0,1,2,12,21
3014 0,1,2
3015 0,1,12,18
3016 0,1,32,108
3017 0,1,20
3018 0,1
3019 0,1
3020 0,1
3021 0,1
3022 0,1
3023 0,1
3024 0,1
3025 0,1
3026 0,1
3027 0,1
3028 0,1
3029 0,1
3030 0,1
3031 0,1
3032 0,1
3033 0,1
3034 0,1
3035 0,1
3036 0,1
3037 0,1,16,18
3038 0,1,20
3039 0,1,2,48
3040 0,1,3
3041 0,1,31,363
3042 0,1
3043 0,1
3044 0,1
3045 0,1
3046 0,1
3047 0,1,20,455
3048 0,1
3049 0,1
3050 0,1,560
3051 0,1,265
3052 0,1
3053 0,1
3054 0,1
3055 0,1
3056 0,1,9
3057 0,1,2,86
3058 0,1
3059 0,1
3060 0,1
3061 0,1,121
3062 0,1
3063 0,1
3064 0,1
3065 0,1
3066 0,1
3067 0,1
3068 0,1
3069 0,1,12
3070 0,1,4,72
3071 0,1,6,30,51
3072 0,1,12,15,72
3073 0,1,6,532
3074 0,1,2
3075 0,1
3076 0,1
3077 0,1
3078 0,1
3079 0,1
3080 0,1,37,40
3081 0,1
3082 0,1
3083 0,1
3084 0,1
3085 0,1
3086 0,1
3087 0,1
3088 0,1,11,40
3089 0,1
3090 0,1
3091 0,1
3092 0,1,10,56,164
3093 0,1,6,95,138,147
3094 0,1
3095 0,1,7
3096 0,1
3097 0,1,7,346
3098 0,1
3099 0,1
3100 0,1
3101 0,1,2
3102 0,1
3103 0,1,29,32
3104 0,1,3,5
3105 0,1
3106 0,1,66
3107 0,1
3108 0,1,17
3109 0,1,7,17
3110 0,1,83,225
3111 0,1,126
3112 0,1
3113 0,1
3114 0,1
3115 0,1,83
3116 0,1
3117 0,1,247
3118 0,1
3119 0,1
3120 0,1,309
3121 0,1,64,102
3122 0,1,48,233
3123 0,1
3124 0,1,2
3125 0,1
3126 0,1
3127 0,1
3128 0,1
3129 0,1,23
3130 0,1
3131 0,1
3132 0,1
3133 0,1
3134 0,1
3135 0,1
3136 0,1,2,203
3137 0,1,420
3138 0,1
3139 0,1
3140 0,1,2,56,132
3141 0,1
3142 0,1
3143 0,1
3144 0,1
3145 0,1,5
3146 0,1
3147 0,1
3148 0,1,505
3149 0,1,2,73
3150 0,1
3151 0,1
3152 0,1,126,354
3153 0,1,133
3154 0,1
3155 0,1
3156 0,1,484
3157 0,1,57
3158 0,1
3159 0,1,85
3160 0,1,2,32
3161 0,1
3162 0,1
3163 0,1
3164 0,1
3165 0,1,12
3166 0,1
3167 0,1
3168 0,1,425
3169 0,1
3170 0,1
3171 0,1
3172 0,1
3173 0,1,6
3174 0,1
3175 0,1
3176 0,1
3177 0,1
3178 0,1
3179 0,1
3180 0,1
3181 0,1,9,43
3182 0,1
3183 0,1
3184 0,1
3185 0,1
3186 0,1,5,38
3187 0,1
3188 0,1,2,9,30
3189 0,1
3190 0,1
3191 0,1
3192 0,1
3193 0,1
3194 0,1
3195 0,1
3196 0,1,604
3197 0,1
3198 0,1
3199 0,1
3200 0,1,9
3201 0,1
3202 0,1
3203 0,1
3204 0,1
3205 0,1,229
3206 0,1
3207 0,1,39
3208 0,1
3209 0,1
3210 0,1
3211 0,1
3212 0,1,9
3213 0,1,403
3214 0,1
3215 0,1
3216 0,1,3
3217 0,1,15
3218 0,1
3219 0,1
3220 0,1,178
3221 0,1
3222 0,1
3223 0,1
3224 0,1,2
3225 0,1
3226 0,1
3227 0,1
3228 0,1,11
3229 0,1
3230 0,1,126
3231 0,1
3232 0,1
3233 0,1,8,17
3234 0,1
3235 0,1
3236 0,1,5,64
3237 0,1,78
3238 0,1,2,4,18
3239 0,1,12,23
3240 0,1,16
3241 0,1
3242 0,1,2,54,352
3243 0,1,9,91,107
3244 0,1
3245 0,1
3246 0,1,3,58
3247 0,1,381
3248 0,1,15
3249 0,1
3250 0,1
3251 0,1,66
3252 0,1,2
3253 1
