0 0,1,2,3,4,5,6,7,8,10,11,12,13,14,15,17,18,19,20,21,22,23,24,29,33,34,36,39,40,41,44,46,48,49,50,51,53,54,57,62,64,66,67,74,75,77,79,83,86,87,92,93,97,98,99,104,105,109,112,117,118,122,123,127,131,133,135,136,137,138,141,143,146,150,155,156,157,169,173,175,178,182,183,198,201,218,223,225,228,231,235,238,240,242,246,263,301,306,315,323,337,342,353,372,380,400,411,412,435,437,443,461,466,494,506,531,607,628
1 0,1,2,3,4,5,6,7,8,10,11,12,15,16,17,20,21,22,23,24,25,27,28,29,33,38,39,41,42,43,46,47,48,50,52,53,54,60,64,65,67,74,76,78,79,87,90,93,96,97,104,107,123,135,152,154,155,159,173,178,187,201,205,223,237,276,277,289,302,304,358,381,392,393,408,447,517,545,577,588
2 0,1,2,3,4,5,6,7,9,10,11,12,15,16,17,18,20,21,22,23,24,29,32,33,35,39,40,41,42,43,44,46,48,51,53,54,58,60,62,63,64,65,67,73,75,76,79,85,86,88,90,91,97,107,109,113,120,122,125,127,146,167,172,173,174,194,195,196,210,222,236,255,269,290,301,306,316,337,418,432,434,451,479,480,520,543,555,642
3 0,1,2,3,4,5,6,8,9,10,11,12,13,14,15,17,18,19,21,22,23,24,26,28,29,30,31,34,35,38,40,41,49,50,54,55,60,61,62,63,64,77,85,88,90,92,93,95,102,109,111,118,122,125,135,145,150,158,163,164,170,222,235,256,259,292,331,393,406,440,478,495,540,590,595,601,646
4 0,1,2,3,4,5,6,7,8,9,10,11,13,14,15,21,22,23,24,25,27,28,29,30,31,32,33,34,38,40,45,46,47,48,49,51,52,54,57,60,62,65,69,76,81,85,86,88,89,92,93,99,102,105,107,109,110,112,115,117,118,122,123,130,139,146,148,150,153,155,160,161,174,177,179,184,185,186,187,212,215,222,223,224,226,231,234,236,251,269,299,331,344,406,418,429,448,450,466,481,508,528,544,546,553,616,618,625
5 0,1,2,3,4,5,6,7,8,9,10,11,12,13,14,15,18,19,20,21,22,23,24,25,27,29,32,33,35,40,42,43,49,50,51,53,54,58,60,61,62,63,64,66,75,78,82,83,90,94,97,98,100,101,107,110,112,113,115,117,119,129,139,140,148,149,153,159,162,187,194,195,214,243,253,275,282,293,345,373,389,423,486,512,515,554,602
6 0,1,2,3,4,5,6,7,9,10,11,12,13,14,15,16,19,21,22,24,25,26,32,35,37,39,41,42,48,51,58,60,65,67,69,72,74,80,86,90,91,94,102,107,125,132,135,140,158,169,170,206,218,256,259,290,293,388,432,445,451,552,580,596,608,645
7 0,1,2,3,5,6,9,10,11,14,15,23,28,32,33,35,46,49,50,53,63,64,74,76,79,81,97,99,116,124,132,144,155,190,251,353,512,576
8 0,1,2,3,4,5,6,7,8,9,10,11,12,14,15,16,17,18,19,20,21,23,25,28,30,31,32,34,35,36,37,42,44,45,46,47,50,52,54,55,61,63,65,67,71,73,76,80,81,84,85,88,89,92,97,99,100,101,103,117,121,128,147,148,168,214,221,279,283,307,322,366,398,405,415,510,585,599,608
9 0,1,2,3,4,5,7,8,9,10,12,14,15,16,19,33,36,39,40,43,46,48,50,63,69,91,92,95,97,110,113,164,206,256,268,293,329,330,341,360,362,369,446,453,462,537,547,640
10 0,1,2,3,4,5,6,8,9,10,11,12,14,16,18,19,20,21,27,32,35,37,38,40,41,51,62,66,70,74,79,80,83,97,100,161,166,169,183,200,201,240,269,274,278,296,367,424,430,462,505,513,576
11 0,1,2,3,4,6,7,10,11,12,20,22,27,29,31,32,34,35,40,42,43,46,50,66,69,77,101,114,127,136,162,170,172,180,181,221,255,268,308,355,467,486
12 0,1,2,3,4,6,7,8,9,10,11,12,15,17,18,19,20,23,24,25,26,27,29,31,33,37,40,41,43,44,49,50,51,59,64,65,67,68,72,73,76,81,92,100,102,107,115,122,131,132,137,153,161,171,180,206,207,248,263,306,319,322,357,421,508,528,569,580
13 0,1,2,4,6,7,8,10,11,15,16,18,23,27,28,33,34,38,41,49,51,60,63,64,71,73,83,130,154,203,214,227,249,318,357,433,453
14 0,1,2,3,4,5,6,7,8,10,15,18,23,24,26,29,30,32,35,36,37,42,43,48,50,53,54,60,72,75,85,89,96,117,118,145,149,220,231,246,250,386,411,423,437,461,520,531,639
15 0,1,2,3,4,5,6,9,11,21,25,31,35,41,42,44,48,52,65,68,76,91,92,111,116,168,206,218,230,267,335,338,340,389,495,501,549,601
16 0,1,2,3,7,8,10,13,14,15,17,19,21,24,25,29,32,34,36,38,39,40,43,51,65,66,74,76,86,109,129,133,140,145,164,205,206,228,263,364,458,481,567
17 0,1,2,3,5,6,9,13,14,15,22,24,26,34,40,41,42,50,88,94,96,158,159,160,181,207,288,325
18 0,1,2,3,4,8,9,10,11,14,16,25,26,28,29,30,34,38,42,45,52,53,59,60,65,86,87,90,105,113,115,116,118,121,122,143,240,256,275,277,301,374,482,524,526,538,552,615
19 0,1,2,3,4,5,6,7,8,9,10,13,15,16,17,18,22,26,27,32,34,35,49,53,59,64,69,85,91,94,101,102,104,117,134,136,147,150,189,373,394,419,523,595,634
20 0,1,2,3,4,5,8,9,10,11,12,15,23,24,26,30,34,38,43,53,59,62,66,72,73,74,79,90,198,234,285,377,440,482,498,502,641
21 0,1,2,3,8,11,19,20,24,28,30,32,39,47,94,104,233,371,499,525,551
22 0,1,2,3,4,9,10,11,12,17,19,22,33,47,53,105,115,204,274,291,316,593,618
23 0,1,2,3,4,5,9,11,12,15,17,21,22,23,27,30,34,39,56,84,91,93,95,104,113,131,151,159,174,190,219,247,378,382,407,443,456,499,530,617
24 0,1,2,3,5,6,7,8,9,10,11,12,29,30,47,53,59,92,99,115,116,119,123,130,162,174,175,217,244,409,491
25 0,1,2,3,4,6,7,8,9,11,12,17,21,24,26,27,32,34,44,46,50,61,67,79,92,105,125,139,232,241,330,346,383,428,429,478,506,551,554,564,578,581,598
26 0,1,2,3,4,5,6,7,9,14,15,17,22,23,26,28,40,42,43,48,54,62,63,74,76,87,90,131,138,228,271,274,300,530,557
27 0,1,2,3,6,8,10,12,15,17,18,21,27,33,34,40,41,42,44,47,53,54,59,60,61,72,109,118,148,154,175,203,216,217,228,309,584,597
28 0,1,2,3,4,5,6,8,9,10,11,12,13,14,15,19,20,27,28,38,39,40,44,46,47,59,72,73,90,118,123,124,125,142,143,173,189,224,242,281,296,333,335,412,487,537,542,607,615
29 0,1,3,5,6,18,23,35,53,141,197,202,229,342
30 0,1,2,3,4,5,6,7,8,10,12,16,17,18,20,23,24,25,29,35,39,44,51,55,58,60,62,69,74,75,86,96,127,132,225,285,320,372,483,541,568,647
31 0,1,2,3,4,5,6,7,21,22,32,33,55,70,71,78,120,124,136,205,222,288,355,431,509,513
32 0,1,2,3,5,6,9,12,69,72,89,146,170,251,321,633
33 0,1,2,3,4,5,6,7,8,9,11,12,13,14,16,17,21,23,28,33,51,64,65,66,73,77,82,86,100,114,131,156,208,311,388,399,605
34 0,1,2,3,9,10,12,17,22,26,28,36,40,49,67,69,97,133,159,176,211,276,398,439,500
35 0,1,2,3,5,8,9,10,13,14,24,29,30,39,46,50,63,65,71,75,101,108,112,119,127,146,182,184,232,438,510,525,546
36 0,1,2,3,4,5,12,15,17,19,23,28,35,43,90,114,127,164,379,465,473,578
37 0,1,2,4,6,8,9,16,19,22,39,41,43,84,94,96,101,108,114,141,170,184,202,271,452
38 0,1,2,3,4,5,6,10,11,12,18,22,23,26,35,47,49,116,126,144,147,153,157,169,205,295,313,349,361,556
39 0,1,2,3,4,9,11,12,13,17,19,22,24,27,39,40,41,175,194,210,427,636
40 0,1,2,3,4,7,8,9,23,29,31,43,46,50,51,61,63,97,121,132,169,282,565,596
41 0,1,2,3,6,7,8,10,11,15,16,17,18,19,24,25,31,32,40,42,43,45,66,77,84,100,111,116,120,152,167,184,207,211,225,239,280,327,426,460
42 0,1,2,4,5,7,8,30,42,54,85
43 0,1,2,4,5,6,9,12,14,17,27,28,48,56,72,77,176,180,202,297,395,524
44 0,1,2,3,4,6,7,10,16,17,26,29,33,35,36,43,46,51,63,70,80,86,91,119,156,166,190,204,255,302,504,547
45 0,1,3,4,8,10,12,15,17,20,25,28,47,78,132,390,444
46 0,1,3,5,6,7,8,10,15,16,29,34,86,119,243,610
47 0,1,10,12,20,29,51,106,413
48 0,1,2,15,22,41,77,116,288
49 0,1,2,5,6,8,11,12,15,24,27,33,40,58,74,88,115,125,127,193,200,397
50 0,1,2,4,6,8,13,14,18,20,25,28,29,32,33,37,53,61,67,72,171,187,247,285,312,619,622
51 0,1,2,3,4,6,8,11,13,14,20,42,44,67,80,90,94,100,151,234,340,387,490,492,517,630
52 0,1,2,3,4,6,8,9,11,12,23,33,47,64,68,95,98,126,201,268,574
53 0,1,2,3,6,9,26,31,41,43,45,56,85,96,134,156,160,163,175,204,280,362,401,591,617
54 0,1,2,4,6,8,10,13,15,17,20,27,248,270,375,534,638
55 0,1,2,3,4,5,7,10,11,19,31,33,44,64,70,77,171,210,211,383,561
56 0,1,2,3,6,7,8,12,19,29,36,66,72,77,79,91,167,181,252,279,561,575
57 0,1,2,3,5,6,21,39,68,107,129,192,334,369,583
58 0,1,2,3,4,9,11,12,20,26,37,56,67,69,73,89,177,281,295,540
59 0,1,2,4,5,7,10,12,14,19,26,32,37,45,67,94,103,124,135,142,147,360,568
60 0,1,2,3,5,7,9,17,19,26,34,48,55,95,135
61 0,1,3,4,6,8,13,16,20,27,48,281,562
62 0,1,2,4,5,8,10,12,13,21,22,23,25,29,37,38,39,47,69,124,143,166,230,305,312,475
63 0,1,3,30,58,64,205,477
64 0,1,2,3,4,5,7,8,12,16,22,36,55,80,124,141,149,156,213,230,303,599,600
65 0,1,2,3,9,12,15,20,31,38,54,79,109,132
66 0,1,2,4,5,7,8,9,12,15,19,20,24,25,29,32,36,40,42,53,55,73,188,474,594
67 0,1,2,3,4,7,14,17,19,21,24,39,56,69,135,140,144,163,191,196,262,276,496,538
68 0,1,2,3,5,9,12,102,137
69 0,1,2,3,4,5,10,12,13,16,23,36,54,58,59,66,80,93,100,224,226,303,400,489
70 0,1,3,6,11,27,35,44,52,58,89,152,172,254,261
71 0,1,2,4,6,8,12,13,14,18,19,21,23,61,65,66,605
72 0,1,2,3,4,7,8,9,10,13,18,22,30,31,34,52,55,58,87,89,92,213,250,260,267,270,345,559,623
73 0,1,2,3,4,5,7,15,22,23,31,43,47,51,70,73,83,96,133,199,254,266,313,485,494
74 0,1,2,3,16,24,31,39,47,63,72,109,125,128,129,215,324,425,586
75 0,1,2,4,10,12,13,14,17,19,28,37,38,80,112,169,215,226,261,297,401
76 0,1,2,4,5,7,8,12,18,31,35,52,77,84,85,89,272,479,480
77 0,1,2,4,6,10,14,25,33,41,42,46,47,53,87,100,118,155,190,260,476,489,604
78 0,1,2,11,12,17,31,39,51,104
79 0,1,2,4,6,8,12,18,35,43,48,70,110,197,527
80 0,1,3,13,15,21,28,34,61,409,419
81 0,1,2,7,8,12,18,19,21,22,25,36,37,41,42,73,149,336,365,550,575
82 0,1,2,3,8,10,14,22,52,236
83 0,1,7,9,14,15,17,20,21,25,52,72,139,214,262,408
84 0,1,2,3,4,5,12,24,31,47,75,83,86,99,103,126,158,169,225
85 0,1,3,6,12,28,31,33,39,52,89,98,168,176
86 0,1,2,12,15,18,27,44,45,76,88,101,224,257,542
87 0,1,2,8,36,51,105,380
88 0,1,2,3,15,22,29,31,34,39,41,46,59,69,176,192,197,229
89 0,1,4,7,8,9,13,32,33,36,55,139,180,522,539,564
90 0,1,2,3,5,36,46,51,53,66,70,104,109,120,121,258,264
91 0,1,2,4,13,33,72,100,153,183,366,492
92 0,1,3,18,46,75,81,82,131,156
93 0,1,2,3,6,7,17,18,34,37,87,213,221
94 0,1,5,6,7,8,15,29,34,62,67,76,290
95 0,1,2,7,12,20,26,79,140,291
96 0,1,3,4,5,7,11,20,25,28,30,38,43,52,59,61,74,75,105,152,217
97 0,1,2,3,10,12,13,15,21,26,39,49,70,104,158,310,566,632
98 0,1,3,15,16,21,66,91,569
99 0,1,2,5,9,24,25,29,74,77,225,271
100 0,1,2,6,8,9,31,40,52,53,68,129,196
101 0,1,2,3,5,7,12,14,41,95,108,119,374,407
102 0,1,2,20,28,38,112,254
103 0,1,2,4,13,14,19,38,49,60,64,65,206,264,439,577
104 0,1,3,6,8,12,16,27,41,42,55,67,76,105,148,211,298,539
105 0,1,2,3,7,11,13,14,19,30,49,55,68,70,141,182,197,265,280,358,434,603
106 0,1,2,20,21,24,159,219,522
107 0,1,4,6,12,16,20,24,35,46,53,94,98,134,185
108 0,1,2,3,14,23,33,65,68,78,79,87,145,198,271,391,502,588
109 0,1,2,3,4,5,6,8,13,20,26,61,79,180,395,609
110 0,1,2,9,23
111 0,1,16,43,45,68,79,170,370,465
112 0,1,2,4,9,11,19,27,33,43,52,76,77,105,211,221,253,264,377
113 0,1,2,4,5,35,42,65,117,529,543
114 0,1,2,4,9,25,33,74,131,166,182,328,582,648
115 0,1,2,3,7,8,26,294,493
116 0,1,2,4,6,7,10,11,12,29,34,41,70,112,126,387,428,532,571
117 0,1,2,4,8,14,17,19,41,45,58,67,68,94,108,181,236,283,314,523
118 0,1,28,55,70
119 0,1,7,9,12,13,18,36,100,188,241,474
120 0,1,3,7,13,30,34,36,45,82,111,199,536,644
121 0,1,2,3,5,11,12,21,24,36,38,44,63,140
122 0,1,2,3,4,30,36,44,69,191,310,416,430,606
123 0,1,144
124 0,1,2,7,53
125 0,1,2,3,5,6,10,11,14,15,18,29,36,188,232,385,586
126 0,1,3,5,7,8,13,22,25,27,29,36,44,55,57,64,69,75,106,244,245,454,458,600
127 0,1,3,10,11,13,15,61,83,102,414
128 0,1,2,3,8,12,14,21,24,39,45,103,107,115,299,533
129 0,1,5,15,21,30,36,42,332
130 0,1,5,6,9,12,13,38,62,75,98,150,174
131 0,1,2,6,7,9,10,26,31,57,84,192,304
132 0,1,3,4,8,12,13,14,15,25,32,47,59,65,113,177,436,496,541
133 0,1,2,3,4,5,7,18,23,30,39,56,99,127,151,157,192,237,287
134 0,1,2,4,9,163,164,572
135 0,1,9,26,33,483
136 0,1,27,28,41,44,59,64,107,286
137 0,1,3,8,12,13,14,27,35,61,108,164,178,273,365,370,454
138 0,1,2,8,23,31,39,67,121,192,352,571
139 0,1,2,10,19,30,38,71,195
140 0,1,3,4,5,11,29,30,39,51,562
141 0,1,5,8,16,117,139,151,234
142 0,1,2,3,8,12,13,14,42,46,84,96,160
143 0,1,2,5,13,14,36,83,117,529
144 0,1,2,4,5,6,15,19,32,38,68,75,105,106,162,213,396
145 0,1,13,14,33,37,68,95,152,415
146 0,1,8
147 0,1,5,107,193,219,364,399,421
148 0,1,4,7,13,48,86,109,181,291,296,336
149 0,1,16,18,38,110,197,273,341
150 0,1,2,4,5,6,8,13,21,31,39,54,56,83,86,90,99,106,111,158,198,217,223,238,285,289
151 0,1,5,17,19,22,31,75,112,254
152 0,1,2,15,20,34,65,76,82,202,204,643
153 0,1,11,27,58
154 0,1,2,4,5,7,10,21,29,114,195,261,292,527
155 0,1,2,3,12,23,51,88
156 0,1,2,4,7,9,21,23,35,85,224,410
157 0,1,2,6,11,15,21,27,449
158 0,1,4,20,99,139
159 0,1,16,120
160 0,1
161 0,1,2,10,13,26,282,545
162 0,1,2,4,8,9,27,36,42,49,52
163 0,1,2,4,6,10,13,17,24,30,118,126,142,185,208,250
164 0,1,2,3,5,8,11,14,17,19,26,75,83,141,147,184,570
165 0,1,2,5,19,22,36,44,229
166 0,1,20,25,140,459,468
167 0,1,3,7,81,261
168 0,1,12,41,426,431
169 0,1,2,7,13,27,452
170 0,1,2,3,4,10,12,23,25,28,29,33,56,67,74,82,85,112,121,168,215,237,284,450,463,468
171 0,1,13,16,29
172 0,1,2,4,5,14,22,68,90,160,246,260,298,392,416,565
173 0,1,8,17,64,162,196,422
174 0,1,130,253
175 0,1,2,14,16,27,54,193,258
176 0,1,3,15,30,130,603
177 0,1,4,7,10,28,616
178 0,1,7,8,13,55,73,98,122,168,583
179 0,1,2,6,7,10,14,28,29,32,44,91,102
180 0,1,2,20,22,28,33,42,58,73,75,101,102,214,263,275
181 0,1,2,4,6,7,8,21,22,25,28,32,38,90
182 0,1,3,7,30,50,81,299,403
183 0,1,26,71,87
184 0,1,9,11,28,298,620
185 0,1,11,191
186 0,1,2,4,36,68,72,74,333,394
187 0,1,2,3,7,8,9,13,33,125,228
188 0,1,3,5,44,163,224,591
189 0,1,2,7,12,14,29,34,36,121,135
190 0,1,4,5,9,26,31,68,283,359
191 0,1,4,48,76,94,124,134
192 0,1,2,56,138
193 0,1,5,10,15
194 0,1,16
195 0,1,43
196 0,1,4,13,16,30,42,126
197 0,1,10,13,21,28,243
198 0,1,2,7,8,12,14,24,26,28,36,37,73,143,186,448
199 0,1,3,13,25,27,187
200 0,1,2,4,5,6,9,41,101,248
201 0,1,2,70,114,190
202 0,1,13,15,24,77,104
203 0,1,2,3,4,7,8,10,14,17,30,37,56,79,113,123,191,488
204 0,1,3,14,17,70,208,314,379,444,471,635
205 0,1,7,8,15,16,112,390
206 0,1,2,4,8,10,23,28
207 0,1,7,9,13,26,79,227,315
208 0,1,3,4,7,47,50,123,289,304,488
209 0,1,2,5,10,23,27,67,73,234
210 0,1,2,8,11,17,23,24,25,31,47,53,86,103,113,129,139,167,168,324,473
211 0,1,6,21,71,189,350,581,609
212 0,1,3,5,7,39,48,57,74,138,179
213 0,1,2,7,8,28,38,52,87,88,115,147,266,274
214 0,1,4,5,20,286,558
215 0,1,29
216 0,1,2,163
217 0,1,8,16,23,28
218 0,1,3,5,25,60,102,116,339,386,594
219 0,1,9,35,317
220 0,1,4,16,31,44,87
221 0,1,13,19,40,81,142
222 0,1,4,6,30,31,114,587
223 0,1,2,4,6,7,8,14,38,50,120,155,227,245,521
224 0,1,2,12,17,69,94,103,108
225 0,1,2,11,13,22,23,27,33,58,82,553
226 0,1,2,14,22,79,104,113,178
227 0,1,4,7,13,15,19,40,558
228 0,1,4,41,47,74,105,193,216
229 0,1
230 0,1,2,3,8,184,548
231 0,1,7,20,22,518
232 0,1,2,32,40,84,133,308,470
233 0,1
234 0,1,200,397
235 0,1,4,16,41,145
236 0,1,8,10,31,36,78,81,89,117,131,176,436,457
237 0,1,11,141,626
238 0,1,2,3,15,16,40,45,62,96,99,156,194,592
239 0,1,2,7,55,78,420
240 0,1,2,4,8,28,167,231
241 0,1,2,5,7,10,14,15,18,48,80,95
242 0,1,14,25,37,80,175,216
243 0,1,3,7,10,25,37,41,47,50,135,220,270,534
244 0,1,43,485
245 0,1,338
246 0,1,2,53,65,113,177,282,621
247 0,1,4
248 0,1,2,3,18
249 0,1,69,414
250 0,1,2,59
251 0,1,7,8,9,13,15,21,33,41
252 0,1,4,13,25,26
253 0,1,2,3,7,10,12,54,68,129
254 0,1,22,34,66,278,457
255 0,1,7,10,12,13,14,17,18,25,47,50,61,112,120,242,260,326,621
256 0,1,2,18,21,49
257 0,1,2,3,6,7,11,22,25,30,53,58,135,627
258 0,1,2,6,7
259 0,1,7,8,18,29,119,438
260 0,1,2,4,8,54,91,99,516
261 0,1,2,7,25,170,248
262 0,1,8,27,259
263 0,1
264 0,1,2,7,8,45
265 0,1,12,17,34
266 0,1,25
267 0,1,6,78
268 0,1,2,10,12,14,21,24,48,61,85,220
269 0,1,13,90,204
270 0,1,2,27,189,368
271 0,1,2,36,68,99,102
272 0,1,3,5,9,216,269
273 0,1,2,5,14,18,20,23,49,56,91
274 0,1,6,13,48,67,181,207
275 0,1,2,5,8,9,11,21,30,50,66,77,83,96,103,157,223,286,294
276 0,1,2,3,13,32,48,321,385
277 0,1,2,5,7,8,14,30,196,227
278 0,1,2,25,26,37,54,68,76,141,265
279 0,1,2,19,51,611
280 0,1,2,26,29
281 0,1,2,7,17,18,25,45,47
282 0,1,40
283 0,1,10,16,132,252
284 0,1,7,13,25,82,475
285 0,1,10,12,14,15,48,61,220
286 0,1,2,10,19,43,108,350
287 0,1,15,26,71,89,356
288 0,1,3,16,25,55
289 0,1,2,3,4,15,18
290 0,1,11,35,63
291 0,1,2,45,63,178
292 0,1,12,18,212
293 0,1,6,8,24,32,243,470
294 0,1,10,26,42,119,247
295 0,1,2,5,20,111
296 0,1,125
297 0,1,98,134,157
298 0,1,2,14,41,44,78,145
299 0,1,2,3,22,29,32,36
300 0,1,27,44,141,160,162,177
301 0,1,2,26,35,56,61,210,323,348
302 0,1,3,8,14,27,54,95
303 0,1,2,16,158
304 0,1,2,4,6,8,21,145
305 0,1,12,40,75,396
306 0,1,2,78,166,223
307 0,1,16
308 0,1,3
309 0,1,16,118
310 0,1
311 0,1
312 0,1,25,28,30,58,302
313 0,1,2,14,164,212,471
314 0,1,4
315 0,1,2,4,10,23,26,28
316 0,1,2,7,13,140
317 0,1,2,55,533
318 0,1,3,7,8,16,18,44,114,216,273
319 0,1,45,113,183
320 0,1,2,130,142
321 0,1,3,4,44
322 0,1,2,4,7,8,9,25,28,84,116,129,133,136,354,376
323 0,1,2,19,84
324 0,1,2,3,5,42,48,66,111,199
325 0,1,5,10,84,410
326 0,1,33,37,42
327 0,1,2,27,85,178
328 0,1,6,8,146,176,548
329 0,1,27,31
330 0,1,20,30,49,54,526,579
331 0,1,26,37,38,270,318,320,422
332 0,1,7,8,10,45,59,441,579
333 0,1,2,49,82,203
334 0,1,2,8,18,20,239
335 0,1,2,35,63,87
336 0,1,2,10,34,259
337 0,1,4,45,48,127
338 0,1,10,119,589
339 0,1,7,17,43,58,71
340 0,1,110
341 0,1,93
342 0,1,52,58
343 0,1,244
344 0,1
345 0,1,7
346 0,1,95
347 0,1,16,38,74
348 0,1,7,13,82
349 0,1,18,33,166,328,587,589
350 0,1,22,26,71
351 0,1,24
352 0,1,2,5,13,19,22,278,464
353 0,1,14,28,32,64
354 0,1,11,95,210
355 0,1,2,4,9,23,58,64,74,99,125,557
356 0,1,2,24
357 0,1,80
358 0,1,14,16,35,59,442
359 0,1,37
360 0,1,4,5,12,22,111,199,442
361 0,1,2,109,235
362 0,1,3,4,17,35,60,144
363 0,1,2,8,55,624
364 0,1,2,17,22
365 0,1,9,10,18,71,78,111,151,199,343
366 0,1,2,7,13,29,231
367 0,1,8,18,25
368 0,1,25
369 0,1,2,58
370 0,1,2,138
371 0,1
372 0,1,612
373 0,1,20
374 0,1,9,167,171
375 0,1,2,10,27,65,116
376 0,1,4,9,11,36,38,157,198,215,311
377 0,1,78
378 0,1,8,18,71,123
379 0,1,13,18,123
380 0,1
381 0,1,10,16,154
382 0,1,7,19,52,514
383 0,1,19,257
384 0,1,14,30,535,544
385 0,1
386 0,1,3,622
387 0,1,2,45,48,57,549
388 0,1,25,162
389 0,1,5,14,16,35,44,61,126,239,570
390 0,1,15,30,37,45,134,161
391 0,1,8,24,28,59,81,361,556
392 0,1,2,5,111,199
393 0,1,3,44,49,262
394 0,1,3,6,7,179
395 0,1,92,93,100,166
396 0,1,5,13,69,202
397 0,1,2,3,14,16,87
398 0,1,2,19,34,38,103,120,163,521,613
399 0,1,12,17,24,151,253
400 0,1,15,16,267
401 0,1,3,6,10,12,18,19,115,272
402 0,1,26,89,567
403 0,1,13,119
404 0,1
405 0,1,137,208
406 0,1,2,10
407 0,1,20
408 0,1,17
409 0,1,187
410 0,1,9,10,13
411 0,1,2,12,18,19,161
412 0,1
413 0,1
414 0,1,16
415 0,1,212
416 0,1,7,8,12,137,472
417 0,1,2,16,32,71,188,339
418 0,1,5
419 0,1,16,28
420 0,1,8,21,26,28
421 0,1
422 0,1,2,9,13,19,42,96,140,344
423 0,1,7,52
424 0,1
425 0,1,2,10,56,110
426 0,1,51,56,92,277
427 0,1,8,12,18,32,82,185
428 0,1,14,41
429 0,1,2
430 0,1,16,17,31
431 0,1,2,3,4,7,12,20,40,43,53,54,73,79,107,294,402
432 0,1,15,134,151
433 0,1
434 0,1,2,23,45,68,252,614
435 0,1,2,3
436 0,1,2,19,92,110,114,132,307
437 0,1,3,4,7,39
438 0,1,3,12,23,31,42,56,83,101,183,233,238
439 0,1,2,8,9,15,25,46,405
440 0,1,2,4,80,137
441 0,1,2,14,65,73,96,232,284,511
442 0,1,2,4,29,59,147
443 0,1,7,80,153
444 0,1,7,28,38,63
445 0,1,13,45
446 0,1,61,98
447 0,1,6,10,17,26,33,43,67,71,619
448 0,1,10,21,24,37
449 0,1
450 0,1,36,251
451 0,1,2,36
452 0,1
453 0,1,20,66,78,87
454 0,1,2,511
455 0,1
456 0,1,2,26
457 0,1
458 0,1,7,186
459 0,1
460 0,1,2,11,288
461 0,1,14,75
462 0,1
463 0,1,3,16,33,237,573
464 0,1,16,220
465 0,1,9,10,25,143
466 0,1,2,7,16,32,38,150
467 0,1,31
468 0,1,77
469 0,1,20,61
470 0,1
471 0,1,7,10,13,14,209
472 0,1,11,16
473 0,1,266,497,509
474 0,1,7,22,66,518,629
475 0,1,4,467
476 0,1,16,27
477 0,1,5,13,45
478 0,1,241
479 0,1,2,3,4,47,61,121,294
480 0,1,16
481 0,1,4,19,347,503
482 0,1,4,7,31,38,77
483 0,1,18,41
484 0,1
485 0,1,12,207
486 0,1,19,165,343
487 0,1,6,8,30,59,232
488 0,1
489 0,1,57,81
490 0,1,4,21
491 0,1,2,32,66,238
492 0,1,13,42,54,63,257
493 0,1,4,23
494 0,1,3,6
495 0,1,2,15,117
496 0,1,4,7,25
497 0,1,356
498 0,1,14,18
499 0,1,2,4,27
500 0,1,7,12,348
501 0,1,5,13,52,142
502 0,1
503 0,1,2,16,110,129,249
504 0,1,7,61
505 0,1,2,602
506 0,1,2,65
507 0,1,2,19
508 0,1,3,6,7,25
509 0,1,2,8,20,34,103,139,334
510 0,1,137,359,472
511 0,1,507
512 0,1,136,424
513 0,1,296
514 0,1,7
515 0,1,70
516 0,1,2,4
517 0,1,18,55
518 0,1,8,16
519 0,1
520 0,1,44,171
521 0,1,43,171
522 0,1
523 0,1,19
524 0,1
525 0,1,2,3,86,292
526 0,1
527 0,1
528 0,1,7
529 0,1
530 0,1,26,59
531 0,1,7,13
532 0,1,19,209
533 0,1,2
534 0,1,2,14
535 0,1,491
536 0,1,8,20,81,214,240
537 0,1,2,536
538 0,1
539 0,1,52,165
540 0,1
541 0,1,4,56
542 0,1,2,13,23,26,36,637
543 0,1,70,445
544 0,1,16,50
545 0,1,2,84,297
546 0,1,28,34,63,99,611
547 0,1,3,53,118,165
548 0,1,14
549 0,1,2,477
550 0,1,2,326
551 0,1,3,7,44,81,138
552 0,1,79
553 0,1,11,24
554 0,1,2,31,52
555 0,1,3,6,45
556 0,1,20,38,44
557 0,1,89,141,177
558 0,1,2,13
559 0,1,8,303
560 0,1,3,4,29
561 0,1,24
562 0,1,4
563 0,1,13,98
564 0,1,35,128,167,516
565 0,1,3,4,71
566 0,1,7,218
567 0,1
568 0,1,2
569 0,1,2
570 0,1,13,38
571 0,1,88,193,404
572 0,1,2,72
573 0,1,2
574 0,1,37
575 0,1,2,27,49,56,79
576 0,1
577 0,1,17,72,100
578 0,1,48,167
579 0,1,3,4
580 0,1,449
581 0,1,16
582 0,1,2,4
583 0,1,207,283,593
584 0,1
585 0,1,281
586 0,1,2,519
587 0,1,159,371
588 0,1,3,53
589 0,1,278
590 0,1,8
591 0,1
592 0,1,152,463
593 0,1,28,161
594 0,1,27,152
595 0,1
596 0,1,29,446
597 0,1,507
598 0,1
599 0,1,2,332
600 0,1
601 0,1,2,37
602 0,1
603 0,1
604 0,1,32
605 0,1,18,32,186
606 0,1,27
607 0,1,71,142
608 0,1,9,10,266,319,566
609 0,1,2,14
610 0,1,16,101,514
611 0,1
612 0,1,40
613 0,1
614 0,1
615 0,1,20,28
616 0,1,45,347,503
617 0,1,8
618 0,1,77,493
619 0,1,56
620 0,1
621 0,1,2
622 0,1
623 0,1
624 0,1,327,447
625 0,1,9,18
626 0,1
627 0,1,2,26,111,148,498
628 0,1,48
629 0,1
630 0,1
631 0,1,4
632 0,1
633 0,1,2,27
634 0,1
635 0,1,64
636 0,1,114
637 0,1
638 0,1
639 0,1
640 0,1,55,82,121,490
641 0,1,28,217
642 0,1
643 0,1,7,8
644 0,1
645 0,1,16,71,95
646 0,1,163
647 0,1,23,179
648 0,1,16,26,80,87,131,138,476
649 0,1,18,22,81
650 0,1,2,13,189
651 0,1
652 0,1
653 0,1
654 0,1,3,6,8,14,15,28,56,71,143,349
655 0,1,57,183
656 0,1,38
657 0,1,195
658 0,1,5,17
659 0,1,2,20,130,142
660 0,1,35,239
661 0,1,2,3,19,25,139
662 0,1,13
663 0,1,2,4,32,68,209,469,574,614
664 0,1,4,5,28,134,196
665 0,1,8
666 0,1
667 0,1
668 0,1
669 0,1,15,38,46
670 0,1,10
671 0,1,2
672 0,1,16,18
673 0,1,10,27
674 0,1,4,28,38
675 0,1
676 0,1,7,612
677 0,1,2,27
678 0,1,110
679 0,1,2
680 0,1,35,563
681 0,1,81
682 0,1
683 0,1
684 0,1,3,17
685 0,1
686 0,1
687 0,1,19
688 0,1
689 0,1,205
690 0,1,14
691 0,1,209
692 0,1,2
693 0,1,219
694 0,1
695 0,1,151,220
696 0,1
697 0,1
698 0,1,59,208
699 0,1,9
700 0,1
701 0,1,47
702 0,1,209
703 0,1
704 0,1,101,130
705 0,1
706 0,1,32,130
707 0,1
708 0,1
709 0,1
710 0,1,368
711 0,1
712 0,1
713 0,1,2,7,52,73
714 0,1
715 0,1,116
716 0,1
717 0,1,29,92,154
718 0,1,2,227,501
719 0,1
720 0,1,2,10,57,186
721 0,1,3,56
722 0,1,10,53
723 0,1,5,6,284
724 0,1,469
725 0,1,3,13
726 0,1,43
727 0,1,84,200
728 0,1,2
729 0,1,2,4,20
730 0,1
731 0,1,3
732 0,1,13,59
733 0,1,43,82,200
734 0,1,29,75
735 0,1,208
736 0,1
737 0,1,75,325
738 0,1,13
739 0,1
740 0,1,49
741 0,1,2,4,174
742 0,1
743 0,1,84
744 0,1,2,23,26,95
745 0,1,4,57
746 0,1
747 0,1
748 0,1,4,84,560
749 0,1,2,26,200
750 0,1,7,14,28,32,61
751 0,1,13
752 0,1,94,159
753 0,1
754 0,1,83,93
755 0,1,456
756 0,1,249,613
757 0,1,38
758 0,1,2
759 0,1,8
760 0,1,16,72
761 0,1,2,4,12,64
762 0,1
763 0,1,277
764 0,1,515
765 0,1,47
766 0,1
767 0,1
768 0,1,16
769 0,1,8,12
770 0,1
771 0,1,22
772 0,1
773 0,1
774 0,1,16
775 0,1
776 0,1
777 0,1,10
778 0,1
779 0,1
780 0,1,71
781 0,1
782 0,1
783 0,1
784 0,1,10
785 0,1
786 0,1,106
787 0,1
788 0,1,23
789 0,1
790 0,1,36
791 0,1
792 0,1
793 0,1,35,295
794 0,1
795 0,1
796 0,1,56
797 0,1,11
798 0,1
799 0,1
800 0,1
801 0,1,110,114
802 0,1
803 0,1
804 0,1,500
805 0,1,18,433,559
806 0,1,26
807 0,1
808 0,1,4,459
809 0,1
810 0,1,2,20
811 0,1
812 0,1,2,4
813 0,1,9
814 0,1,497
815 0,1
816 0,1,6,60
817 0,1,4,292
818 0,1
819 0,1,2,71
820 0,1
821 0,1,351
822 0,1,286
823 0,1,4,38,249
824 0,1,2,63,91,128
825 0,1,18,51,183
826 0,1,21
827 0,1,4,382
828 0,1,89
829 0,1
830 0,1,3,6,11
831 0,1,2,272
832 0,1
833 0,1,31,36
834 0,1,10,16
835 0,1
836 0,1,128,160
837 0,1,57
838 0,1,3,4,46,80
839 0,1
840 0,1,108,218,267
841 0,1,7
842 0,1,7,45
843 0,1
844 0,1,620
845 0,1
846 0,1,2,30
847 0,1,10
848 0,1,82
849 0,1
850 0,1,2,3,18,70
851 0,1,4,8,9,17,106,108,441
852 0,1,45
853 0,1,13
854 0,1
855 0,1,2
856 0,1
857 0,1,27,38,185
858 0,1,52
859 0,1,258,378
860 0,1,18,73,284
861 0,1
862 0,1
863 0,1
864 0,1,60
865 0,1
866 0,1,7,45,235
867 0,1,78
868 0,1
869 0,1,2
870 0,1
871 0,1
872 0,1,27,37
873 0,1,9
874 0,1,188
875 0,1
876 0,1
877 0,1,317
878 0,1,215
879 0,1,18
880 0,1,2,13
881 0,1,14
882 0,1
883 0,1,233
884 0,1
885 0,1,2,3,6,11,77,133
886 0,1,12
887 0,1,18,20,363,484
888 0,1,5
889 0,1
890 0,1
891 0,1
892 0,1
893 0,1,40
894 0,1
895 0,1
896 0,1,351
897 0,1
898 0,1
899 0,1
900 0,1,15
901 0,1
902 0,1,16
903 0,1
904 0,1,14
905 0,1
906 0,1,9
907 0,1,23,27,289
908 0,1
909 0,1
910 0,1,563
911 0,1,70
912 0,1,4
913 0,1,2
914 0,1,4
915 0,1
916 0,1
917 0,1,9,16
918 0,1
919 0,1
920 0,1
921 0,1
922 0,1
923 0,1
924 0,1
925 0,1,26
926 0,1,136
927 0,1
928 0,1,2
929 0,1
930 0,1
931 0,1,81
932 0,1
933 0,1,2
934 0,1
935 0,1,12,16
936 0,1
937 0,1,73
938 0,1
939 0,1,114
940 0,1,4
941 0,1
942 0,1,40
943 0,1,367
944 0,1
945 0,1,535
946 0,1,23
947 0,1,9
948 0,1
949 0,1,13
950 0,1,6
951 0,1
952 0,1,16
953 0,1,2,10
954 0,1
955 0,1
956 0,1,402
957 0,1
958 0,1
959 0,1
960 0,1
961 0,1,193
962 0,1
963 0,1,86
964 0,1
965 0,1,52
966 0,1,70
967 0,1,2
968 0,1,61
969 0,1,24
970 0,1
971 0,1,2
972 0,1,12,68,148
973 0,1
974 0,1
975 0,1,56
976 0,1,20,69
977 0,1,3
978 0,1,45
979 0,1,27,128
980 0,1,136
981 0,1,47
982 0,1,297
983 0,1,4
984 0,1
985 0,1,128,182
986 0,1,8
987 0,1
988 0,1,30
989 0,1
990 0,1
991 0,1,9
992 0,1
993 0,1
994 0,1
995 0,1
996 0,1,38
997 0,1,2,5,6,94
998 0,1,9
999 0,1
1000 0,1
1001 0,1,7,12,245
1002 0,1
1003 0,1,300
1004 0,1,15
1005 0,1,4
1006 0,1,384
1007 0,1
1008 0,1,25,376,582
1009 0,1
1010 0,1,55,194
1011 0,1
1012 0,1
1013 0,1
1014 0,1,45,66,435
1015 0,1
1016 0,1
1017 0,1
1018 0,1,9
1019 0,1
1020 0,1
1021 0,1,27,73
1022 0,1
1023 0,1,49
1024 0,1
1025 0,1,11,29,136,555
1026 0,1
1027 0,1,59,584,597
1028 0,1
1029 0,1
1030 0,1,36,391
1031 0,1
1032 0,1,18,280
1033 0,1,11,24,34
1034 0,1
1035 0,1
1036 0,1,57
1037 0,1
1038 0,1
1039 0,1
1040 0,1,2,5,32
1041 0,1,14
1042 0,1,8,14
1043 0,1
1044 0,1
1045 0,1,128
1046 0,1
1047 0,1
1048 0,1
1049 0,1
1050 0,1
1051 0,1
1052 0,1
1053 0,1
1054 0,1
1055 0,1
1056 0,1,61
1057 0,1
1058 0,1,29
1059 0,1,16
1060 0,1
1061 0,1
1062 0,1
1063 0,1
1064 0,1,9
1065 0,1
1066 0,1
1067 0,1
1068 0,1
1069 0,1
1070 0,1
1071 0,1
1072 0,1
1073 0,1
1074 0,1
1075 0,1
1076 0,1
1077 0,1
1078 0,1
1079 0,1,19
1080 0,1,69
1081 0,1
1082 0,1
1083 0,1,4
1084 0,1,31
1085 0,1,8
1086 0,1,22
1087 0,1
1088 0,1
1089 0,1,3
1090 0,1
1091 0,1
1092 0,1,8,417
1093 0,1
1094 0,1
1095 0,1
1096 0,1,460
1097 0,1
1098 0,1,4
1099 0,1
1100 0,1
1101 0,1
1102 0,1
1103 0,1
1104 0,1
1105 0,1
1106 0,1,26
1107 0,1
1108 0,1
1109 0,1
1110 0,1,417
1111 0,1
1112 0,1
1113 0,1
1114 0,1
1115 0,1
1116 0,1
1117 0,1
1118 0,1
1119 0,1
1120 0,1
1121 0,1,550
1122 0,1
1123 0,1
1124 0,1
1125 0,1,16
1126 0,1
1127 0,1
1128 0,1
1129 0,1
1130 0,1
1131 0,1,29
1132 0,1
1133 0,1,8
1134 0,1
1135 0,1
1136 0,1
1137 0,1
1138 0,1,276
1139 0,1,65,230
1140 0,1,191
1141 0,1,18
1142 0,1
1143 0,1,631
1144 0,1
1145 0,1,2
1146 0,1,3
1147 0,1
1148 0,1,2,32
1149 0,1,7,122
1150 0,1
1151 0,1
1152 0,1
1153 0,1
1154 0,1,3,10
1155 0,1
1156 0,1
1157 0,1
1158 0,1
1159 0,1,203,216
1160 0,1,2
1161 0,1
1162 0,1,26
1163 0,1
1164 0,1
1165 0,1
1166 0,1,59
1167 0,1,20
1168 0,1,265
1169 0,1
1170 0,1,35
1171 0,1
1172 0,1
1173 0,1,36
1174 0,1,6,7,12,60,464
1175 0,1,3,78
1176 0,1,50
1177 0,1
1178 0,1
1179 0,1,12
1180 0,1
1181 0,1
1182 0,1,2,72
1183 0,1,10,78
1184 0,1
1185 0,1,9
1186 0,1
1187 0,1
1188 0,1,8,23,39,92
1189 0,1
1190 0,1,14,32
1191 0,1,6,54
1192 0,1
1193 0,1
1194 0,1
1195 0,1
1196 0,1
1197 0,1
1198 0,1
1199 0,1
1200 0,1
1201 0,1
1202 0,1,13
1203 0,1
1204 0,1
1205 0,1
1206 0,1,11
1207 0,1,2,15
1208 0,1
1209 0,1
1210 0,1,3,16
1211 0,1,14
1212 0,1
1213 0,1,519
1214 0,1
1215 0,1
1216 0,1,45
1217 0,1
1218 0,1,124
1219 0,1,29,96
1220 0,1,62
1221 0,1
1222 0,1,110
1223 0,1
1224 0,1,8,136,384,572
1225 0,1
1226 0,1,157
1227 0,1
1228 0,1,30
1229 0,1,7,9,58
1230 0,1
1231 0,1
1232 0,1
1233 0,1
1234 0,1
1235 0,1,3,34,592
1236 0,1,2,6,88,487
1237 0,1,31
1238 0,1,16,41,54,606
1239 0,1,52
1240 0,1,7,80
1241 0,1,23,28,217,573
1242 0,1
1243 0,1
1244 0,1,18,182
1245 0,1
1246 0,1,47,257,585,598
1247 0,1
1248 0,1
1249 0,1,413
1250 0,1,56,172,202
1251 0,1
1252 0,1,35
1253 0,1,6,34,287
1254 0,1,98
1255 0,1,70
1256 0,1
1257 0,1,13,34,166,291
1258 0,1
1259 0,1,30,305
1260 0,1
1261 0,1
1262 0,1
1263 0,1
1264 0,1
1265 0,1
1266 0,1
1267 0,1
1268 0,1,45,50,96
1269 0,1,6,120
1270 0,1
1271 0,1
1272 0,1
1273 0,1
1274 0,1
1275 0,1,2,24
1276 0,1
1277 0,1
1278 0,1,11
1279 0,1
1280 0,1
1281 0,1,10
1282 0,1,29
1283 0,1
1284 0,1
1285 0,1,117
1286 0,1,33,504
1287 0,1
1288 0,1
1289 0,1
1290 0,1,17
1291 0,1
1292 0,1,33,67,204
1293 0,1
1294 0,1
1295 0,1
1296 0,1
1297 0,1
1298 0,1
1299 0,1
1300 0,1
1301 0,1
1302 0,1
1303 0,1
1304 0,1
1305 0,1
1306 0,1,241
1307 0,1,455
1308 0,1
1309 0,1
1310 0,1
1311 0,1
1312 0,1
1313 0,1
1314 0,1
1315 0,1
1316 0,1
1317 0,1
1318 0,1
1319 0,1
1320 0,1
1321 0,1
1322 0,1
1323 0,1
1324 0,1
1325 0,1
1326 0,1
1327 0,1
1328 0,1
1329 0,1
1330 0,1
1331 0,1
1332 0,1
1333 0,1
1334 0,1,6
1335 0,1
1336 0,1
1337 0,1
1338 0,1
1339 0,1
1340 0,1
1341 0,1
1342 0,1,13
1343 0,1
1344 0,1
1345 0,1
1346 0,1
1347 0,1
1348 0,1
1349 0,1
1350 0,1
1351 0,1
1352 0,1
1353 0,1,10
1354 0,1
1355 0,1
1356 0,1
1357 0,1
1358 0,1
1359 0,1
1360 0,1
1361 0,1
1362 0,1
1363 0,1
1364 0,1
1365 0,1
1366 0,1
1367 0,1
1368 0,1
1369 0,1
1370 0,1
1371 0,1
1372 0,1
1373 0,1
1374 0,1
1375 0,1
1376 0,1
1377 0,1
1378 0,1
1379 0,1
1380 0,1
1381 0,1
1382 0,1
1383 0,1
1384 0,1
1385 0,1
1386 0,1
1387 0,1
1388 0,1
1389 0,1
1390 0,1
1391 0,1
1392 0,1
1393 0,1
1394 0,1
1395 0,1
1396 0,1
1397 0,1
1398 0,1
1399 0,1
1400 0,1
1401 0,1
1402 0,1
1403 0,1
1404 0,1
1405 0,1
1406 0,1
1407 0,1
1408 0,1
1409 0,1
1410 0,1
1411 0,1
1412 0,1
1413 0,1
1414 0,1
1415 0,1
1416 0,1
1417 0,1
1418 0,1,5
1419 0,1,83
1420 0,1,4
1421 0,1
1422 0,1
1423 0,1
1424 0,1
1425 0,1
1426 0,1
1427 0,1
1428 0,1
1429 0,1
1430 0,1,4,9,190
1431 0,1
1432 0,1,2,5,49
1433 0,1
1434 0,1
1435 0,1,9
1436 0,1
1437 0,1,4
1438 0,1
1439 0,1
1440 0,1
1441 0,1
1442 0,1
1443 0,1,6
1444 0,1
1445 0,1
1446 0,1,13,81
1447 0,1,5,14,70,81,427
1448 0,1,12,16,307
1449 0,1
1450 0,1,375
1451 0,1,4,38
1452 0,1
1453 0,1
1454 0,1
1455 0,1,2,40
1456 0,1
1457 0,1,5
1458 0,1,4
1459 0,1
1460 0,1,56
1461 0,1,9
1462 0,1,5,26,121,182
1463 0,1,116,150,262
1464 0,1
1465 0,1,13
1466 0,1,9,48,84
1467 0,1
1468 0,1
1469 0,1
1470 0,1,4
1471 0,1,2,5,14,161
1472 0,1,14,102
1473 0,1,197
1474 0,1,3
1475 0,1,275
1476 0,1
1477 0,1
1478 0,1,4
1479 0,1,4
1480 0,1,160
1481 0,1
1482 0,1
1483 0,1
1484 0,1
1485 0,1,51
1486 0,1,91
1487 0,1
1488 0,1,404
1489 0,1
1490 0,1
1491 0,1,2,31,75,155
1492 0,1,4,20,91
1493 0,1,85,138,233
1494 0,1,3,15,26
1495 0,1,2,9,22
1496 0,1,2,4
1497 0,1
1498 0,1
1499 0,1,71
1500 0,1
1501 0,1,22,70,109,287
1502 0,1,120
1503 0,1
1504 0,1,77
1505 0,1,9
1506 0,1,2,12,21
1507 0,1,2,12,18
1508 0,1,20,32,108
1509 0,1
1510 0,1
1511 0,1
1512 0,1
1513 0,1
1514 0,1
1515 0,1
1516 0,1
1517 0,1
1518 0,1,16,18
1519 0,1,2,20,48
1520 0,1,3,31,363
1521 0,1
1522 0,1
1523 0,1,20,455
1524 0,1
1525 0,1,265,560
1526 0,1
1527 0,1
1528 0,1,2,9,86
1529 0,1
1530 0,1,121
1531 0,1
1532 0,1
1533 0,1
1534 0,1,12
1535 0,1,4,6,30,51,72
1536 0,1,6,12,15,72,532
1537 0,1,2
1538 0,1
1539 0,1
1540 0,1,37,40
1541 0,1
1542 0,1
1543 0,1
1544 0,1,11,40
1545 0,1
1546 0,1,6,10,56,95,138,147,164
1547 0,1,7
1548 0,1,7,346
1549 0,1
1550 0,1,2
1551 0,1,29,32
1552 0,1,3,5
1553 0,1,66
1554 0,1,7,17
1555 0,1,83,126,225
1556 0,1
1557 0,1,83
1558 0,1,247
1559 0,1
1560 0,1,64,102,309
1561 0,1,48,233
1562 0,1,2
1563 0,1
1564 0,1,23
1565 0,1
1566 0,1
1567 0,1
1568 0,1,2,203,420
1569 0,1
1570 0,1,2,56,132
1571 0,1
1572 0,1,5
1573 0,1
1574 0,1,2,73,505
1575 0,1
1576 0,1,126,133,354
1577 0,1
1578 0,1,57,484
1579 0,1,85
1580 0,1,2,32
1581 0,1
1582 0,1,12
1583 0,1
1584 0,1,425
1585 0,1
1586 0,1,6
1587 0,1
1588 0,1
1589 0,1
1590 0,1,9,43
1591 0,1
1592 0,1
1593 0,1,5,38
1594 0,1,2,9,30
1595 0,1
1596 0,1
1597 0,1
1598 0,1,604
1599 0,1
1600 0,1,9
1601 0,1
1602 0,1,229
1603 0,1,39
1604 0,1
1605 0,1
1606 0,1,9,403
1607 0,1
1608 0,1,3,15
1609 0,1
1610 0,1,178
1611 0,1
1612 0,1,2
1613 0,1
1614 0,1,11
1615 0,1,126
1616 0,1,8,17
1617 0,1
1618 0,1,5,64,78
1619 0,1,2,4,12,18,23
1620 0,1,16
1621 0,1,2,9,54,91,107,352
1622 0,1
1623 0,1,3,58,381
1624 0,1,15
1625 0,1,66
1626 0,1,2
