0 0,1,2,3,4,5,6,7,8,10,11,12,13,14,15,16,17,18,19,20,21,22,23,24,25,27,28,29,33,34,36,38,39,40,41,42,43,44,46,47,48,49,50,51,52,53,54,57,60,62,64,65,66,67,74,75,76,77,78,79,83,86,87,90,92,93,96,97,98,99,104,105,107,109,112,117,118,122,123,127,131,133,135,136,137,138,141,143,146,150,152,154,155,156,157,159,169,173,175,178,182,183,187,198,201,205,218,223,225,228,231,235,237,238,240,242,246,263,276,277,289,301,302,304,306,315,323,337,342,353,358,372,380,381,392,393,400,408,411,412,435,437,443,447,461,466,494,506,517,531,545,577,588,607,628
1 0,1,2,3,4,5,6,7,8,9,10,11,12,13,14,15,16,17,18,19,20,21,22,23,24,26,28,29,30,31,32,33,34,35,38,39,40,41,42,43,44,46,48,49,50,51,53,54,55,58,60,61,62,63,64,65,67,73,75,76,77,79,85,86,88,90,91,92,93,95,97,102,107,109,111,113,118,120,122,125,127,135,145,146,150,158,163,164,167,170,172,173,174,194,195,196,210,222,235,236,255,256,259,269,290,292,301,306,316,331,337,393,406,418,432,434,440,451,478,479,480,495,520,540,543,555,590,595,601,642,646
2 0,1,2,3,4,5,6,7,8,9,10,11,12,13,14,15,18,19,20,21,22,23,24,25,27,28,29,30,31,32,33,34,35,38,40,42,43,45,46,47,48,49,50,51,52,53,54,57,58,60,61,62,63,64,65,66,69,75,76,78,81,82,83,85,86,88,89,90,92,93,94,97,98,99,100,101,102,105,107,109,110,112,113,115,117,118,119,122,123,129,130,139,140,146,148,149,150,153,155,159,160,161,162,174,177,179,184,185,186,187,194,195,212,214,215,222,223,224,226,231,234,236,243,251,253,269,275,282,293,299,331,344,345,373,389,406,418,423,429,448,450,466,481,486,508,512,515,528,544,546,553,554,602,616,618,625
3 0,1,2,3,4,5,6,7,9,10,11,12,13,14,15,16,19,21,22,23,24,25,26,28,32,33,35,37,39,41,42,46,48,49,50,51,53,58,60,63,64,65,67,69,72,74,76,79,80,81,86,90,91,94,97,99,102,107,116,124,125,132,135,140,144,155,158,169,170,190,206,218,251,256,259,290,293,353,388,432,445,451,512,552,576,580,596,608,645
4 0,1,2,3,4,5,6,7,8,9,10,11,12,14,15,16,17,18,19,20,21,23,25,28,30,31,32,33,34,35,36,37,39,40,42,43,44,45,46,47,48,50,52,54,55,61,63,65,67,69,71,73,76,80,81,84,85,88,89,91,92,95,97,99,100,101,103,110,113,117,121,128,147,148,164,168,206,214,221,256,268,279,283,293,307,322,329,330,341,360,362,366,369,398,405,415,446,453,462,510,537,547,585,599,608,640
5 0,1,2,3,4,5,6,7,8,9,10,11,12,14,16,18,19,20,21,22,27,29,31,32,34,35,37,38,40,41,42,43,46,50,51,62,66,69,70,74,77,79,80,83,97,100,101,114,127,136,161,162,166,169,170,172,180,181,183,200,201,221,240,255,268,269,274,278,296,308,355,367,424,430,462,467,486,505,513,576
6 0,1,2,3,4,6,7,8,9,10,11,12,15,16,17,18,19,20,23,24,25,26,27,28,29,31,33,34,37,38,40,41,43,44,49,50,51,59,60,63,64,65,67,68,71,72,73,76,81,83,92,100,102,107,115,122,130,131,132,137,153,154,161,171,180,203,206,207,214,227,248,249,263,306,318,319,322,357,421,433,453,508,528,569,580
7 0,1,2,3,4,5,6,7,8,9,10,11,15,18,21,23,24,25,26,29,30,31,32,35,36,37,41,42,43,44,48,50,52,53,54,60,65,68,72,75,76,85,89,91,92,96,111,116,117,118,145,149,168,206,218,220,230,231,246,250,267,335,338,340,386,389,411,423,437,461,495,501,520,531,549,601,639
8 0,1,2,3,5,6,7,8,9,10,13,14,15,17,19,21,22,24,25,26,29,32,34,36,38,39,40,41,42,43,50,51,65,66,74,76,86,88,94,96,109,129,133,140,145,158,159,160,164,181,205,206,207,228,263,288,325,364,458,481,567
9 0,1,2,3,4,5,6,7,8,9,10,11,13,14,15,16,17,18,22,25,26,27,28,29,30,32,34,35,38,42,45,49,52,53,59,60,64,65,69,85,86,87,90,91,94,101,102,104,105,113,115,116,117,118,121,122,134,136,143,147,150,189,240,256,275,277,301,373,374,394,419,482,523,524,526,538,552,595,615,634
10 0,1,2,3,4,5,8,9,10,11,12,15,19,20,23,24,26,28,30,32,34,38,39,43,47,53,59,62,66,72,73,74,79,90,94,104,198,233,234,285,371,377,440,482,498,499,502,525,551,641
11 0,1,2,3,4,5,9,10,11,12,15,17,19,21,22,23,27,30,33,34,39,47,53,56,84,91,93,95,104,105,113,115,131,151,159,174,190,204,219,247,274,291,316,378,382,407,443,456,499,530,593,617,618
12 0,1,2,3,4,5,6,7,8,9,10,11,12,17,21,24,26,27,29,30,32,34,44,46,47,50,53,59,61,67,79,92,99,105,115,116,119,123,125,130,139,162,174,175,217,232,241,244,330,346,383,409,428,429,478,491,506,551,554,564,578,581,598
13 0,1,2,3,4,5,6,7,8,9,10,12,14,15,17,18,21,22,23,26,27,28,33,34,40,41,42,43,44,47,48,53,54,59,60,61,62,63,72,74,76,87,90,109,118,131,138,148,154,175,203,216,217,228,271,274,300,309,530,557,584,597
14 0,1,2,3,4,5,6,8,9,10,11,12,13,14,15,18,19,20,23,27,28,35,38,39,40,44,46,47,53,59,72,73,90,118,123,124,125,141,142,143,173,189,197,202,224,229,242,281,296,333,335,342,412,487,537,542,607,615
15 0,1,2,3,4,5,6,7,8,10,12,16,17,18,20,21,22,23,24,25,29,32,33,35,39,44,51,55,58,60,62,69,70,71,74,75,78,86,96,120,124,127,132,136,205,222,225,285,288,320,355,372,431,483,509,513,541,568,647
16 0,1,2,3,4,5,6,7,8,9,11,12,13,14,16,17,21,23,28,33,51,64,65,66,69,72,73,77,82,86,89,100,114,131,146,156,170,208,251,311,321,388,399,605,633
17 0,1,2,3,5,8,9,10,12,13,14,17,22,24,26,28,29,30,36,39,40,46,49,50,63,65,67,69,71,75,97,101,108,112,119,127,133,146,159,176,182,184,211,232,276,398,438,439,500,510,525,546
18 0,1,2,3,4,5,6,8,9,12,15,16,17,19,22,23,28,35,39,41,43,84,90,94,96,101,108,114,127,141,164,170,184,202,271,379,452,465,473,578
19 0,1,2,3,4,5,6,9,10,11,12,13,17,18,19,22,23,24,26,27,35,39,40,41,47,49,116,126,144,147,153,157,169,175,194,205,210,295,313,349,361,427,556,636
20 0,1,2,3,4,6,7,8,9,10,11,15,16,17,18,19,23,24,25,29,31,32,40,42,43,45,46,50,51,61,63,66,77,84,97,100,111,116,120,121,132,152,167,169,184,207,211,225,239,280,282,327,426,460,565,596
21 0,1,2,4,5,6,7,8,9,12,14,17,27,28,30,42,48,54,56,72,77,85,176,180,202,297,395,524
22 0,1,2,3,4,6,7,8,10,12,15,16,17,20,25,26,28,29,33,35,36,43,46,47,51,63,70,78,80,86,91,119,132,156,166,190,204,255,302,390,444,504,547
23 0,1,3,5,6,7,8,10,12,15,16,20,29,34,51,86,106,119,243,413,610
24 0,1,2,5,6,8,11,12,15,22,24,27,33,40,41,58,74,77,88,115,116,125,127,193,200,288,397
25 0,1,2,3,4,6,8,11,13,14,18,20,25,28,29,32,33,37,42,44,53,61,67,72,80,90,94,100,151,171,187,234,247,285,312,340,387,490,492,517,619,622,630
26 0,1,2,3,4,6,8,9,11,12,23,26,31,33,41,43,45,47,56,64,68,85,95,96,98,126,134,156,160,163,175,201,204,268,280,362,401,574,591,617
27 0,1,2,3,4,5,6,7,8,10,11,13,15,17,19,20,27,31,33,44,64,70,77,171,210,211,248,270,375,383,534,561,638
28 0,1,2,3,5,6,7,8,12,19,21,29,36,39,66,68,72,77,79,91,107,129,167,181,192,252,279,334,369,561,575,583
29 0,1,2,3,4,5,7,9,10,11,12,14,19,20,26,32,37,45,56,67,69,73,89,94,103,124,135,142,147,177,281,295,360,540,568
30 0,1,2,3,4,5,6,7,8,9,13,16,17,19,20,26,27,34,48,55,95,135,281,562
31 0,1,2,3,4,5,8,10,12,13,21,22,23,25,29,30,37,38,39,47,58,64,69,124,143,166,205,230,305,312,475,477
32 0,1,2,3,4,5,7,8,9,12,15,16,20,22,31,36,38,54,55,79,80,109,124,132,141,149,156,213,230,303,599,600
33 0,1,2,3,4,5,7,8,9,12,14,15,17,19,20,21,24,25,29,32,36,39,40,42,53,55,56,69,73,135,140,144,163,188,191,196,262,276,474,496,538,594
34 0,1,2,3,4,5,9,10,12,13,16,23,36,54,58,59,66,80,93,100,102,137,224,226,303,400,489
35 0,1,2,3,4,6,8,11,12,13,14,18,19,21,23,27,35,44,52,58,61,65,66,89,152,172,254,261,605
36 0,1,2,3,4,5,7,8,9,10,13,15,18,22,23,30,31,34,43,47,51,52,55,58,70,73,83,87,89,92,96,133,199,213,250,254,260,266,267,270,313,345,485,494,559,623
37 0,1,2,3,4,10,12,13,14,16,17,19,24,28,31,37,38,39,47,63,72,80,109,112,125,128,129,169,215,226,261,297,324,401,425,586
38 0,1,2,4,5,6,7,8,10,12,14,18,25,31,33,35,41,42,46,47,52,53,77,84,85,87,89,100,118,155,190,260,272,476,479,480,489,604
39 0,1,2,4,6,8,11,12,17,18,31,35,39,43,48,51,70,104,110,197,527
40 0,1,2,3,7,8,12,13,15,18,19,21,22,25,28,34,36,37,41,42,61,73,149,336,365,409,419,550,575
41 0,1,2,3,7,8,9,10,14,15,17,20,21,22,25,52,72,139,214,236,262,408
42 0,1,2,3,4,5,6,12,24,28,31,33,39,47,52,75,83,86,89,98,99,103,126,158,168,169,176,225
43 0,1,2,8,12,15,18,27,36,44,45,51,76,88,101,105,224,257,380,542
44 0,1,2,3,4,7,8,9,13,15,22,29,31,32,33,34,36,39,41,46,55,59,69,139,176,180,192,197,229,522,539,564
45 0,1,2,3,4,5,13,33,36,46,51,53,66,70,72,100,104,109,120,121,153,183,258,264,366,492
46 0,1,2,3,6,7,17,18,34,37,46,75,81,82,87,131,156,213,221
47 0,1,2,5,6,7,8,12,15,20,26,29,34,62,67,76,79,140,290,291
48 0,1,2,3,4,5,7,10,11,12,13,15,20,21,25,26,28,30,38,39,43,49,52,59,61,70,74,75,104,105,152,158,217,310,566,632
49 0,1,2,3,5,9,15,16,21,24,25,29,66,74,77,91,225,271,569
50 0,1,2,3,5,6,7,8,9,12,14,31,40,41,52,53,68,95,108,119,129,196,374,407
51 0,1,2,4,13,14,19,20,28,38,49,60,64,65,112,206,254,264,439,577
52 0,1,2,3,6,7,8,11,12,13,14,16,19,27,30,41,42,49,55,67,68,70,76,105,141,148,182,197,211,265,280,298,358,434,539,603
53 0,1,2,4,6,12,16,20,21,24,35,46,53,94,98,134,159,185,219,522
54 0,1,2,3,4,5,6,8,13,14,20,23,26,33,61,65,68,78,79,87,145,180,198,271,391,395,502,588,609
55 0,1,2,9,16,23,43,45,68,79,170,370,465
56 0,1,2,4,5,9,11,19,27,33,35,42,43,52,65,76,77,105,117,211,221,253,264,377,529,543
57 0,1,2,3,4,7,8,9,25,26,33,74,131,166,182,294,328,493,582,648
58 0,1,2,4,6,7,8,10,11,12,14,17,19,29,34,41,45,58,67,68,70,94,108,112,126,181,236,283,314,387,428,523,532,571
59 0,1,7,9,12,13,18,28,36,55,70,100,188,241,474
60 0,1,2,3,5,7,11,12,13,21,24,30,34,36,38,44,45,63,82,111,140,199,536,644
61 0,1,2,3,4,30,36,44,69,144,191,310,416,430,606
62 0,1,2,3,5,6,7,10,11,14,15,18,29,36,53,188,232,385,586
63 0,1,3,5,7,8,10,11,13,15,22,25,27,29,36,44,55,57,61,64,69,75,83,102,106,244,245,414,454,458,600
64 0,1,2,3,5,8,12,14,15,21,24,30,36,39,42,45,103,107,115,299,332,533
65 0,1,2,5,6,7,9,10,12,13,26,31,38,57,62,75,84,98,150,174,192,304
66 0,1,2,3,4,5,7,8,12,13,14,15,18,23,25,30,32,39,47,56,59,65,99,113,127,151,157,177,192,237,287,436,496,541
67 0,1,2,4,9,26,33,163,164,483,572
68 0,1,3,8,12,13,14,27,28,35,41,44,59,61,64,107,108,164,178,273,286,365,370,454
69 0,1,2,8,10,19,23,30,31,38,39,67,71,121,192,195,352,571
70 0,1,3,4,5,8,11,16,29,30,39,51,117,139,151,234,562
71 0,1,2,3,5,8,12,13,14,36,42,46,83,84,96,117,160,529
72 0,1,2,4,5,6,13,14,15,19,32,33,37,38,68,75,95,105,106,152,162,213,396,415
73 0,1,5,8,107,193,219,364,399,421
74 0,1,4,7,13,16,18,38,48,86,109,110,181,197,273,291,296,336,341
75 0,1,2,4,5,6,8,13,17,19,21,22,31,39,54,56,75,83,86,90,99,106,111,112,158,198,217,223,238,254,285,289
76 0,1,2,11,15,20,27,34,58,65,76,82,202,204,643
77 0,1,2,3,4,5,7,10,12,21,23,29,51,88,114,195,261,292,527
78 0,1,2,4,6,7,9,11,15,21,23,27,35,85,224,410,449
79 0,1,4,16,20,99,120,139
80 0,1,2,10,13,26,282,545
81 0,1,2,4,6,8,9,10,13,17,24,27,30,36,42,49,52,118,126,142,185,208,250
82 0,1,2,3,5,8,11,14,17,19,22,26,36,44,75,83,141,147,184,229,570
83 0,1,3,7,20,25,81,140,261,459,468
84 0,1,2,7,12,13,27,41,426,431,452
85 0,1,2,3,4,10,12,13,16,23,25,28,29,33,56,67,74,82,85,112,121,168,215,237,284,450,463,468
86 0,1,2,4,5,8,14,17,22,64,68,90,160,162,196,246,260,298,392,416,422,565
87 0,1,2,14,16,27,54,130,193,253,258
88 0,1,3,4,7,10,15,28,30,130,603,616
89 0,1,2,6,7,8,10,13,14,28,29,32,44,55,73,91,98,102,122,168,583
90 0,1,2,4,6,7,8,20,21,22,25,28,32,33,38,42,58,73,75,90,101,102,214,263,275
91 0,1,3,7,26,30,50,71,81,87,299,403
92 0,1,9,11,28,191,298,620
93 0,1,2,3,4,7,8,9,13,33,36,68,72,74,125,228,333,394
94 0,1,2,3,5,7,12,14,29,34,36,44,121,135,163,224,591
95 0,1,4,5,9,26,31,48,68,76,94,124,134,283,359
96 0,1,2,5,10,15,56,138
97 0,1,16,43
98 0,1,4,10,13,16,21,28,30,42,126,243
99 0,1,2,3,7,8,12,13,14,24,25,26,27,28,36,37,73,143,186,187,448
100 0,1,2,4,5,6,9,41,70,101,114,190,248
101 0,1,2,3,4,7,8,10,13,14,15,17,24,30,37,56,77,79,104,113,123,191,488
102 0,1,3,7,8,14,15,16,17,70,112,208,314,379,390,444,471,635
103 0,1,2,4,7,8,9,10,13,23,26,28,79,227,315
104 0,1,2,3,4,5,7,10,23,27,47,50,67,73,123,234,289,304,488
105 0,1,2,6,8,11,17,21,23,24,25,31,47,53,71,86,103,113,129,139,167,168,189,324,350,473,581,609
106 0,1,2,3,5,7,8,28,38,39,48,52,57,74,87,88,115,138,147,179,266,274
107 0,1,4,5,20,29,286,558
108 0,1,2,8,16,23,28,163
109 0,1,3,5,9,25,35,60,102,116,317,339,386,594
110 0,1,4,13,16,19,31,40,44,81,87,142
111 0,1,2,4,6,7,8,14,30,31,38,50,114,120,155,227,245,521,587
112 0,1,2,11,12,13,17,22,23,27,33,58,69,82,94,103,108,553
113 0,1,2,4,7,13,14,15,19,22,40,79,104,113,178,558
114 0,1,4,41,47,74,105,193,216
115 0,1,2,3,7,8,20,22,184,518,548
116 0,1,2,32,40,84,133,308,470
117 0,1,4,16,41,145,200,397
118 0,1,8,10,11,31,36,78,81,89,117,131,141,176,436,457,626
119 0,1,2,3,7,15,16,40,45,55,62,78,96,99,156,194,420,592
120 0,1,2,4,5,7,8,10,14,15,18,28,48,80,95,167,231
121 0,1,3,7,10,14,25,37,41,47,50,80,135,175,216,220,270,534
122 0,1,43,338,485
123 0,1,2,4,53,65,113,177,282,621
124 0,1,2,3,18,69,414
125 0,1,2,7,8,9,13,15,21,33,41,59
126 0,1,2,3,4,7,10,12,13,25,26,54,68,129
127 0,1,7,10,12,13,14,17,18,22,25,34,47,50,61,66,112,120,242,260,278,326,457,621
128 0,1,2,3,6,7,11,18,21,22,25,30,49,53,58,135,627
129 0,1,2,6,7,8,18,29,119,438
130 0,1,2,4,7,8,25,54,91,99,170,248,516
131 0,1,8,27,259
132 0,1,2,7,8,12,17,34,45
133 0,1,6,25,78
134 0,1,2,10,12,13,14,21,24,48,61,85,90,204,220
135 0,1,2,27,36,68,99,102,189,368
136 0,1,2,3,5,9,14,18,20,23,49,56,91,216,269
137 0,1,2,5,6,8,9,11,13,21,30,48,50,66,67,77,83,96,103,157,181,207,223,286,294
138 0,1,2,3,5,7,8,13,14,30,32,48,196,227,321,385
139 0,1,2,19,25,26,37,51,54,68,76,141,265,611
140 0,1,2,7,17,18,25,26,29,45,47
141 0,1,10,16,40,132,252
142 0,1,7,10,12,13,14,15,25,48,61,82,220,475
143 0,1,2,10,15,19,26,43,71,89,108,350,356
144 0,1,2,3,4,15,16,18,25,55
145 0,1,2,11,35,45,63,178
146 0,1,6,8,12,18,24,32,212,243,470
147 0,1,2,5,10,20,26,42,111,119,247
148 0,1,98,125,134,157
149 0,1,2,3,14,22,29,32,36,41,44,78,145
150 0,1,2,26,27,35,44,56,61,141,160,162,177,210,323,348
151 0,1,2,3,8,14,16,27,54,95,158
152 0,1,2,4,6,8,12,21,40,75,145,396
153 0,1,2,16,78,166,223
154 0,1,3,16,118
155 0,1
156 0,1,2,14,25,28,30,58,164,212,302,471
157 0,1,2,4,10,23,26,28
158 0,1,2,7,13,55,140,533
159 0,1,3,7,8,16,18,44,45,113,114,183,216,273
160 0,1,2,3,4,44,130,142
161 0,1,2,4,7,8,9,19,25,28,84,116,129,133,136,354,376
162 0,1,2,3,5,10,42,48,66,84,111,199,410
163 0,1,2,27,33,37,42,85,178
164 0,1,6,8,27,31,146,176,548
165 0,1,20,26,30,37,38,49,54,270,318,320,422,526,579
166 0,1,2,7,8,10,45,49,59,82,203,441,579
167 0,1,2,8,18,20,35,63,87,239
168 0,1,2,4,10,34,45,48,127,259
169 0,1,7,10,17,43,58,71,119,589
170 0,1,93,110
171 0,1,52,58,244
172 0,1,7
173 0,1,16,38,74,95
174 0,1,7,13,18,33,82,166,328,587,589
175 0,1,22,24,26,71
176 0,1,2,5,13,14,19,22,28,32,64,278,464
177 0,1,2,4,9,11,23,58,64,74,95,99,125,210,557
178 0,1,2,24,80
179 0,1,14,16,35,37,59,442
180 0,1,2,4,5,12,22,109,111,199,235,442
181 0,1,2,3,4,8,17,35,55,60,144,624
182 0,1,2,9,10,17,18,22,71,78,111,151,199,343
183 0,1,2,7,8,13,18,25,29,231
184 0,1,2,25,58
185 0,1,2,138
186 0,1,20,612
187 0,1,2,9,10,27,65,116,167,171
188 0,1,4,9,11,36,38,78,157,198,215,311
189 0,1,8,13,18,71,123
190 0,1,10,16,154
191 0,1,7,19,52,257,514
192 0,1,14,30,535,544
193 0,1,2,3,45,48,57,549,622
194 0,1,5,14,16,25,35,44,61,126,162,239,570
195 0,1,8,15,24,28,30,37,45,59,81,134,161,361,556
196 0,1,2,3,5,44,49,111,199,262
197 0,1,3,6,7,92,93,100,166,179
198 0,1,2,3,5,13,14,16,69,87,202
199 0,1,2,12,17,19,24,34,38,103,120,151,163,253,521,613
200 0,1,3,6,10,12,15,16,18,19,115,267,272
201 0,1,13,26,89,119,567
202 0,1,137,208
203 0,1,2,10,20
204 0,1,17,187
205 0,1,2,9,10,12,13,18,19,161
206 0,1
207 0,1,16,212
208 0,1,2,7,8,12,16,32,71,137,188,339,472
209 0,1,5,16,28
210 0,1,8,21,26,28
211 0,1,2,7,9,13,19,42,52,96,140,344
212 0,1,2,10,56,110
213 0,1,8,12,18,32,51,56,82,92,185,277
214 0,1,2,14,41
215 0,1,2,3,4,7,12,16,17,20,31,40,43,53,54,73,79,107,294,402
216 0,1,15,134,151
217 0,1,2,3,23,45,68,252,614
218 0,1,2,3,4,7,19,39,92,110,114,132,307
219 0,1,2,3,8,9,12,15,23,25,31,42,46,56,83,101,183,233,238,405
220 0,1,2,4,14,65,73,80,96,137,232,284,511
221 0,1,2,4,7,29,59,80,147,153
222 0,1,7,13,28,38,45,63
223 0,1,6,10,17,26,33,43,61,67,71,98,619
224 0,1,10,21,24,37
225 0,1,2,36,251
226 0,1,20,66,78,87
227 0,1,2,511
228 0,1,2,26
229 0,1,7,186
230 0,1,2,11,14,75,288
231 0,1,3,16,33,237,573
232 0,1,9,10,16,25,143,220
233 0,1,2,7,16,31,32,38,150
234 0,1,20,61,77
235 0,1,7,10,13,14,209
236 0,1,11,16,266,497,509
237 0,1,4,7,22,66,467,518,629
238 0,1,5,13,16,27,45
239 0,1,2,3,4,47,61,121,241,294
240 0,1,4,16,19,347,503
241 0,1,4,7,18,31,38,41,77
242 0,1,12,207
243 0,1,6,8,19,30,59,165,232,343
244 0,1,57,81
245 0,1,2,4,21,32,66,238
246 0,1,4,13,23,42,54,63,257
247 0,1,2,3,6,15,117
248 0,1,4,7,25,356
249 0,1,2,4,14,18,27
250 0,1,5,7,12,13,52,142,348
251 0,1,2,16,110,129,249
252 0,1,2,7,61,602
253 0,1,2,19,65
254 0,1,2,3,6,7,8,20,25,34,103,139,334
255 0,1,137,359,472,507
256 0,1,136,296,424
257 0,1,7,70
258 0,1,2,4,18,55
259 0,1,8,16
260 0,1,43,44,171
261 0,1,19
262 0,1,2,3,86,292
263 0,1
264 0,1,7
265 0,1,7,13,26,59
266 0,1,2,19,209
267 0,1,2,14,491
268 0,1,2,8,20,81,214,240,536
269 0,1,52,165
270 0,1,4,56
271 0,1,2,13,23,26,36,70,445,637
272 0,1,2,16,50,84,297
273 0,1,3,28,34,53,63,99,118,165,611
274 0,1,2,14,477
275 0,1,2,3,7,44,81,138,326
276 0,1,11,24,79
277 0,1,2,3,6,31,45,52
278 0,1,20,38,44,89,141,177
279 0,1,2,8,13,303
280 0,1,3,4,24,29
281 0,1,4,13,98
282 0,1,3,4,35,71,128,167,516
283 0,1,7,218
284 0,1,2
285 0,1,13,38,88,193,404
286 0,1,2,72
287 0,1,2,27,37,49,56,79
288 0,1,17,72,100
289 0,1,3,4,48,167
290 0,1,16,449
291 0,1,2,4,207,283,593
292 0,1,281
293 0,1,2,159,371,519
294 0,1,3,53,278
295 0,1,8
296 0,1,28,152,161,463
297 0,1,27,152
298 0,1,29,446,507
299 0,1,2,332
300 0,1,2,37
301 0,1
302 0,1,18,32,186
303 0,1,27,71,142
304 0,1,2,9,10,14,266,319,566
305 0,1,16,101,514
306 0,1,40
307 0,1,20,28
308 0,1,8,45,347,503
309 0,1,56,77,493
310 0,1,2
311 0,1
312 0,1,9,18,327,447
313 0,1,2,26,111,148,498
314 0,1,48
315 0,1,4
316 0,1,2,27
317 0,1,64
318 0,1,114
319 0,1
320 0,1,28,55,82,121,217,490
321 0,1,7,8
322 0,1,16,71,95
323 0,1,23,163,179
324 0,1,16,18,22,26,80,81,87,131,138,476
325 0,1,2,13,189
326 0,1
327 0,1,3,6,8,14,15,28,56,57,71,143,183,349
328 0,1,38,195
329 0,1,2,5,17,20,130,142
330 0,1,2,3,19,25,35,139,239
331 0,1,2,4,13,32,68,209,469,574,614
332 0,1,4,5,8,28,134,196
333 0,1
334 0,1,15,38,46
335 0,1,2,10
336 0,1,10,16,18,27
337 0,1,4,28,38
338 0,1,2,7,27,612
339 0,1,2,110
340 0,1,35,81,563
341 0,1
342 0,1,3,17
343 0,1,19
344 0,1,205
345 0,1,14,209
346 0,1,2,219
347 0,1,151,220
348 0,1
349 0,1,9,59,208
350 0,1,47
351 0,1,209
352 0,1,101,130
353 0,1,32,130
354 0,1
355 0,1,368
356 0,1,2,7,52,73
357 0,1,116
358 0,1,29,92,154
359 0,1,2,227,501
360 0,1,2,3,10,56,57,186
361 0,1,5,6,10,53,284
362 0,1,3,13,469
363 0,1,43,84,200
364 0,1,2,4,20
365 0,1,3
366 0,1,13,43,59,82,200
367 0,1,29,75,208
368 0,1,75,325
369 0,1,13
370 0,1,2,4,49,174
371 0,1,84
372 0,1,2,4,23,26,57,95
373 0,1
374 0,1,2,4,26,84,200,560
375 0,1,7,13,14,28,32,61
376 0,1,94,159
377 0,1,83,93,456
378 0,1,38,249,613
379 0,1,2,8
380 0,1,2,4,12,16,64,72
381 0,1,277
382 0,1,47,515
383 0,1
384 0,1,8,12,16
385 0,1,22
386 0,1
387 0,1,16
388 0,1,10
389 0,1
390 0,1,71
391 0,1
392 0,1,10
393 0,1,106
394 0,1,23
395 0,1,36
396 0,1,35,295
397 0,1
398 0,1,11,56
399 0,1
400 0,1,110,114
401 0,1
402 0,1,18,433,500,559
403 0,1,26
404 0,1,4,459
405 0,1,2,20
406 0,1,2,4,9
407 0,1,497
408 0,1,4,6,60,292
409 0,1,2,71
410 0,1,351
411 0,1,4,38,249,286
412 0,1,2,18,51,63,91,128,183
413 0,1,4,21,382
414 0,1,89
415 0,1,2,3,6,11,272
416 0,1,31,36
417 0,1,10,16
418 0,1,57,128,160
419 0,1,3,4,46,80
420 0,1,7,108,218,267
421 0,1,7,45
422 0,1,620
423 0,1,2,10,30
424 0,1,82
425 0,1,2,3,4,8,9,17,18,70,106,108,441
426 0,1,13,45
427 0,1,2
428 0,1,27,38,185
429 0,1,52,258,378
430 0,1,18,73,284
431 0,1
432 0,1,60
433 0,1,7,45,78,235
434 0,1,2
435 0,1
436 0,1,9,27,37
437 0,1,188
438 0,1,317
439 0,1,18,215
440 0,1,2,13,14
441 0,1,233
442 0,1,2,3,6,11,77,133
443 0,1,12,18,20,363,484
444 0,1,5
445 0,1
446 0,1,40
447 0,1
448 0,1,351
449 0,1
450 0,1,15
451 0,1,16
452 0,1,14
453 0,1,9,23,27,289
454 0,1
455 0,1,70,563
456 0,1,2,4
457 0,1,4
458 0,1,9,16
459 0,1
460 0,1
461 0,1
462 0,1,26
463 0,1,136
464 0,1,2
465 0,1,81
466 0,1,2
467 0,1,12,16
468 0,1,73
469 0,1,114
470 0,1,4
471 0,1,40,367
472 0,1,535
473 0,1,9,23
474 0,1,13
475 0,1,6
476 0,1,2,10,16
477 0,1
478 0,1,402
479 0,1
480 0,1,193
481 0,1,86
482 0,1,52
483 0,1,2,70
484 0,1,24,61
485 0,1,2
486 0,1,12,68,148
487 0,1,56
488 0,1,3,20,69
489 0,1,27,45,128
490 0,1,47,136
491 0,1,4,297
492 0,1,128,182
493 0,1,8
494 0,1,30
495 0,1,9
496 0,1
497 0,1
498 0,1,2,5,6,38,94
499 0,1,9
500 0,1,7,12,245
501 0,1,300
502 0,1,4,15
503 0,1,384
504 0,1,25,376,582
505 0,1,55,194
506 0,1
507 0,1,45,66,435
508 0,1
509 0,1,9
510 0,1,27,73
511 0,1,49
512 0,1,11,29,136,555
513 0,1,59,584,597
514 0,1
515 0,1,36,391
516 0,1,11,18,24,34,280
517 0,1
518 0,1,57
519 0,1
520 0,1,2,5,14,32
521 0,1,8,14
522 0,1,128
523 0,1
524 0,1
525 0,1
526 0,1
527 0,1
528 0,1,61
529 0,1,16,29
530 0,1
531 0,1
532 0,1,9
533 0,1
534 0,1
535 0,1
536 0,1
537 0,1
538 0,1
539 0,1,19
540 0,1,69
541 0,1,4
542 0,1,8,31
543 0,1,22
544 0,1,3
545 0,1
546 0,1,8,417
547 0,1
548 0,1,460
549 0,1,4
550 0,1
551 0,1
552 0,1
553 0,1,26
554 0,1
555 0,1,417
556 0,1
557 0,1
558 0,1
559 0,1
560 0,1,550
561 0,1
562 0,1,16
563 0,1
564 0,1
565 0,1,29
566 0,1,8
567 0,1
568 0,1
569 0,1,65,230,276
570 0,1,18,191
571 0,1,631
572 0,1,2
573 0,1,3
574 0,1,2,7,32,122
575 0,1
576 0,1
577 0,1,3,10
578 0,1
579 0,1,203,216
580 0,1,2
581 0,1,26
582 0,1
583 0,1,20,59
584 0,1,265
585 0,1,35
586 0,1,36
587 0,1,3,6,7,12,60,78,464
588 0,1,50
589 0,1,12
590 0,1
591 0,1,2,10,72,78
592 0,1,9
593 0,1
594 0,1,8,23,39,92
595 0,1,6,14,32,54
596 0,1
597 0,1
598 0,1
599 0,1
600 0,1
601 0,1,13
602 0,1
603 0,1,2,11,15
604 0,1
605 0,1,3,14,16
606 0,1,519
607 0,1
608 0,1,45
609 0,1,29,96,124
610 0,1,62
611 0,1,110
612 0,1,8,136,384,572
613 0,1,157
614 0,1,7,9,30,58
615 0,1
616 0,1
617 0,1,3,34,592
618 0,1,2,6,31,88,487
619 0,1,16,41,52,54,606
620 0,1,7,23,28,80,217,573
621 0,1
622 0,1,18,182
623 0,1,47,257,585,598
624 0,1,413
625 0,1,56,172,202
626 0,1,6,34,35,287
627 0,1,70,98
628 0,1,13,34,166,291
629 0,1,30,305
630 0,1
631 0,1
632 0,1
633 0,1
634 0,1,6,45,50,96,120
635 0,1
636 0,1
637 0,1,2,24
638 0,1
639 0,1,11
640 0,1,10
641 0,1,29
642 0,1,117
643 0,1,33,504
644 0,1
645 0,1,17
646 0,1,33,67,204
647 0,1
648 0,1
649 0,1
650 0,1
651 0,1
652 0,1
653 0,1,241,455
654 0,1
655 0,1
656 0,1
657 0,1
658 0,1
659 0,1
660 0,1
661 0,1
662 0,1
663 0,1
664 0,1
665 0,1
666 0,1
667 0,1,6
668 0,1
669 0,1
670 0,1
671 0,1,13
672 0,1
673 0,1
674 0,1
675 0,1
676 0,1,10
677 0,1
678 0,1
679 0,1
680 0,1
681 0,1
682 0,1
683 0,1
684 0,1
685 0,1
686 0,1
687 0,1
688 0,1
689 0,1
690 0,1
691 0,1
692 0,1
693 0,1
694 0,1
695 0,1
696 0,1
697 0,1
698 0,1
699 0,1
700 0,1
701 0,1
702 0,1
703 0,1
704 0,1
705 0,1
706 0,1
707 0,1
708 0,1
709 0,1,5,83
710 0,1,4
711 0,1
712 0,1
713 0,1
714 0,1
715 0,1,4,9,190
716 0,1,2,5,49
717 0,1,9
718 0,1,4
719 0,1
720 0,1
721 0,1,6
722 0,1
723 0,1,5,13,14,70,81,427
724 0,1,12,16,307
725 0,1,4,38,375
726 0,1
727 0,1,2,40
728 0,1,5
729 0,1,4
730 0,1,9,56
731 0,1,5,26,116,121,150,182,262
732 0,1,13
733 0,1,9,48,84
734 0,1
735 0,1,2,4,5,14,161
736 0,1,14,102,197
737 0,1,3,275
738 0,1
739 0,1,4
740 0,1,160
741 0,1
742 0,1,51
743 0,1,91
744 0,1,404
745 0,1,2,31,75,155
746 0,1,4,20,85,91,138,233
747 0,1,2,3,9,15,22,26
748 0,1,2,4
749 0,1,71
750 0,1,22,70,109,287
751 0,1,120
752 0,1,9,77
753 0,1,2,12,18,21
754 0,1,20,32,108
755 0,1
756 0,1
757 0,1
758 0,1
759 0,1,2,16,18,20,48
760 0,1,3,31,363
761 0,1,20,455
762 0,1,265,560
763 0,1
764 0,1,2,9,86
765 0,1,121
766 0,1
767 0,1,4,6,12,30,51,72
768 0,1,2,6,12,15,72,532
769 0,1
770 0,1,37,40
771 0,1
772 0,1,11,40
773 0,1,6,7,10,56,95,138,147,164
774 0,1,7,346
775 0,1,2,29,32
776 0,1,3,5,66
777 0,1,7,17,83,126,225
778 0,1,83
779 0,1,247
780 0,1,48,64,102,233,309
781 0,1,2
782 0,1,23
783 0,1
784 0,1,2,203,420
785 0,1,2,56,132
786 0,1,5
787 0,1,2,73,505
788 0,1,126,133,354
789 0,1,57,85,484
790 0,1,2,32
791 0,1,12
792 0,1,425
793 0,1,6
794 0,1
795 0,1,9,43
796 0,1,5,38
797 0,1,2,9,30
798 0,1
799 0,1,604
800 0,1,9
801 0,1,39,229
802 0,1
803 0,1,9,403
804 0,1,3,15
805 0,1,178
806 0,1,2
807 0,1,11,126
808 0,1,8,17
809 0,1,2,4,5,12,18,23,64,78
810 0,1,2,9,16,54,91,107,352
811 0,1,3,58,381
812 0,1,15,66
813 0,1,2
