0 0,1,2,3,4,5,6,7,8,9,10,11,12,13,14,15,16,17,18,19,20,21,22,23,24,25,26,27,28,29,30,31,32,33,34,35,36,38,39,40,41,42,43,44,46,47,48,49,50,51,52,53,54,55,57,58,60,61,62,63,64,65,66,67,73,74,75,76,77,78,79,83,85,86,87,88,90,91,92,93,95,96,97,98,99,102,104,105,107,109,111,112,113,117,118,120,122,123,125,127,131,133,135,136,137,138,141,143,145,146,150,152,154,155,156,157,158,159,163,164,167,169,170,172,173,174,175,178,182,183,187,194,195,196,198,201,205,210,218,222,223,225,228,231,235,236,237,238,240,242,246,255,256,259,263,269,276,277,289,290,292,301,302,304,306,315,316,323,331,337,342,353,358,372,380,381,392,393,400,406,408,411,412,418,432,434,435,437,440,443,447,451,461,466,478,479,480,494,495,506,517,520,531,540,543,545,555,577,588,590,595,601,607,628,642,646
1 0,1,2,3,4,5,6,7,8,9,10,11,12,13,14,15,16,18,19,20,21,22,23,24,25,26,27,28,29,30,31,32,33,34,35,37,38,39,40,41,42,43,45,46,47,48,49,50,51,52,53,54,57,58,60,61,62,63,64,65,66,67,69,72,74,75,76,78,79,80,81,82,83,85,86,88,89,90,91,92,93,94,97,98,99,100,101,102,105,107,109,110,112,113,115,116,117,118,119,122,123,124,125,129,130,132,135,139,140,144,146,148,149,150,153,155,158,159,160,161,162,169,170,174,177,179,184,185,186,187,190,194,195,206,212,214,215,218,222,223,224,226,231,234,236,243,251,253,256,259,269,275,282,290,293,299,331,344,345,353,373,388,389,406,418,423,429,432,445,448,450,451,466,481,486,508,512,515,528,544,546,552,553,554,576,580,596,602,608,616,618,625,645
2 0,1,2,3,4,5,6,7,8,9,10,11,12,14,15,16,17,18,19,20,21,22,23,25,27,28,29,30,31,32,33,34,35,36,37,38,39,40,41,42,43,44,45,46,47,48,50,51,52,54,55,61,62,63,65,66,67,69,70,71,73,74,76,77,79,80,81,83,84,85,88,89,91,92,95,97,99,100,101,103,110,113,114,117,121,127,128,136,147,148,161,162,164,166,168,169,170,172,180,181,183,200,201,206,214,221,240,255,256,268,269,274,278,279,283,293,296,307,308,322,329,330,341,355,360,362,366,367,369,398,405,415,424,430,446,453,462,467,486,505,510,513,537,547,576,585,599,608,640
3 0,1,2,3,4,5,6,7,8,9,10,11,12,15,16,17,18,19,20,21,23,24,25,26,27,28,29,30,31,32,33,34,35,36,37,38,40,41,42,43,44,48,49,50,51,52,53,54,59,60,63,64,65,67,68,71,72,73,75,76,81,83,85,89,91,92,96,100,102,107,111,115,116,117,118,122,130,131,132,137,145,149,153,154,161,168,171,180,203,206,207,214,218,220,227,230,231,246,248,249,250,263,267,306,318,319,322,335,338,340,357,386,389,411,421,423,433,437,453,461,495,501,508,520,528,531,549,569,580,601,639
4 0,1,2,3,4,5,6,7,8,9,10,11,13,14,15,16,17,18,19,21,22,24,25,26,27,28,29,30,32,34,35,36,38,39,40,41,42,43,45,49,50,51,52,53,59,60,64,65,66,69,74,76,85,86,87,88,90,91,94,96,101,102,104,105,109,113,115,116,117,118,121,122,129,133,134,136,140,143,145,147,150,158,159,160,164,181,189,205,206,207,228,240,256,263,275,277,288,301,325,364,373,374,394,419,458,481,482,523,524,526,538,552,567,595,615,634
5 0,1,2,3,4,5,8,9,10,11,12,15,17,19,20,21,22,23,24,26,27,28,30,32,33,34,38,39,43,47,53,56,59,62,66,72,73,74,79,84,90,91,93,94,95,104,105,113,115,131,151,159,174,190,198,204,219,233,234,247,274,285,291,316,371,377,378,382,407,440,443,456,482,498,499,502,525,530,551,593,617,618,641
6 0,1,2,3,4,5,6,7,8,9,10,11,12,14,15,17,18,21,22,23,24,26,27,28,29,30,32,33,34,40,41,42,43,44,46,47,48,50,53,54,59,60,61,62,63,67,72,74,76,79,87,90,92,99,105,109,115,116,118,119,123,125,130,131,138,139,148,154,162,174,175,203,216,217,228,232,241,244,271,274,300,309,330,346,383,409,428,429,478,491,506,530,551,554,557,564,578,581,584,597,598
7 0,1,2,3,4,5,6,7,8,9,10,11,12,13,14,15,16,17,18,19,20,21,22,23,24,25,27,28,29,32,33,35,38,39,40,44,46,47,51,53,55,58,59,60,62,69,70,71,72,73,74,75,78,86,90,96,118,120,123,124,125,127,132,136,141,142,143,173,189,197,202,205,222,224,225,229,242,281,285,288,296,320,333,335,342,355,372,412,431,483,487,509,513,537,541,542,568,607,615,647
8 0,1,2,3,4,5,6,7,8,9,10,11,12,13,14,16,17,21,22,23,24,26,28,29,30,33,36,39,40,46,49,50,51,63,64,65,66,67,69,71,72,73,75,77,82,86,89,97,100,101,108,112,114,119,127,131,133,146,156,159,170,176,182,184,208,211,232,251,276,311,321,388,398,399,438,439,500,510,525,546,605,633
9 0,1,2,3,4,5,6,8,9,10,11,12,13,15,16,17,18,19,22,23,24,26,27,28,35,39,40,41,43,47,49,84,90,94,96,101,108,114,116,126,127,141,144,147,153,157,164,169,170,175,184,194,202,205,210,271,295,313,349,361,379,427,452,465,473,556,578,636
10 0,1,2,3,4,5,6,7,8,9,10,11,12,14,15,16,17,18,19,23,24,25,27,28,29,30,31,32,40,42,43,45,46,48,50,51,54,56,61,63,66,72,77,84,85,97,100,111,116,120,121,132,152,167,169,176,180,184,202,207,211,225,239,280,282,297,327,395,426,460,524,565,596
11 0,1,2,3,4,5,6,7,8,10,12,15,16,17,20,25,26,28,29,33,34,35,36,43,46,47,51,63,70,78,80,86,91,106,119,132,156,166,190,204,243,255,302,390,413,444,504,547,610
12 0,1,2,3,4,5,6,8,11,12,13,14,15,18,20,22,24,25,27,28,29,32,33,37,40,41,42,44,53,58,61,67,72,74,77,80,88,90,94,100,115,116,125,127,151,171,187,193,200,234,247,285,288,312,340,387,397,490,492,517,619,622,630
13 0,1,2,3,4,5,6,7,8,9,10,11,12,13,15,17,19,20,23,26,27,31,33,41,43,44,45,47,56,64,68,70,77,85,95,96,98,126,134,156,160,163,171,175,201,204,210,211,248,268,270,280,362,375,383,401,534,561,574,591,617,638
14 0,1,2,3,4,5,6,7,8,9,10,11,12,14,19,20,21,26,29,32,36,37,39,45,56,66,67,68,69,72,73,77,79,89,91,94,103,107,124,129,135,142,147,167,177,181,192,252,279,281,295,334,360,369,540,561,568,575,583
15 0,1,2,3,4,5,6,7,8,9,10,12,13,16,17,19,20,21,22,23,25,26,27,29,30,34,37,38,39,47,48,55,58,64,69,95,124,135,143,166,205,230,281,305,312,475,477,562
16 0,1,2,3,4,5,7,8,9,12,14,15,16,17,19,20,21,22,24,25,29,31,32,36,38,39,40,42,53,54,55,56,69,73,79,80,109,124,132,135,140,141,144,149,156,163,188,191,196,213,230,262,276,303,474,496,538,594,599,600
17 0,1,2,3,4,5,6,8,9,10,11,12,13,14,16,18,19,21,23,27,35,36,44,52,54,58,59,61,65,66,80,89,93,100,102,137,152,172,224,226,254,261,303,400,489,605
18 0,1,2,3,4,5,7,8,9,10,12,13,14,15,16,17,18,19,22,23,24,28,30,31,34,37,38,39,43,47,51,52,55,58,63,70,72,73,80,83,87,89,92,96,109,112,125,128,129,133,169,199,213,215,226,250,254,260,261,266,267,270,297,313,324,345,401,425,485,494,559,586,623
19 0,1,2,4,5,6,7,8,10,11,12,14,17,18,25,31,33,35,39,41,42,43,46,47,48,51,52,53,70,77,84,85,87,89,100,104,110,118,155,190,197,260,272,476,479,480,489,527,604
20 0,1,2,3,7,8,9,10,12,13,14,15,17,18,19,20,21,22,25,28,34,36,37,41,42,52,61,72,73,139,149,214,236,262,336,365,408,409,419,550,575
21 0,1,2,3,4,5,6,8,12,15,18,24,27,28,31,33,36,39,44,45,47,51,52,75,76,83,86,88,89,98,99,101,103,105,126,158,168,169,176,224,225,257,380,542
22 0,1,2,3,4,5,7,8,9,13,15,22,29,31,32,33,34,36,39,41,46,51,53,55,59,66,69,70,72,100,104,109,120,121,139,153,176,180,183,192,197,229,258,264,366,492,522,539,564
23 0,1,2,3,5,6,7,8,12,15,17,18,20,26,29,34,37,46,62,67,75,76,79,81,82,87,131,140,156,213,221,290,291
24 0,1,2,3,4,5,7,9,10,11,12,13,15,16,20,21,24,25,26,28,29,30,38,39,43,49,52,59,61,66,70,74,75,77,91,104,105,152,158,217,225,271,310,566,569,632
25 0,1,2,3,4,5,6,7,8,9,12,13,14,19,20,28,31,38,40,41,49,52,53,60,64,65,68,95,108,112,119,129,196,206,254,264,374,407,439,577
26 0,1,2,3,4,6,7,8,11,12,13,14,16,19,20,21,24,27,30,35,41,42,46,49,53,55,67,68,70,76,94,98,105,134,141,148,159,182,185,197,211,219,265,280,298,358,434,522,539,603
27 0,1,2,3,4,5,6,8,9,13,14,16,20,23,26,33,43,45,61,65,68,78,79,87,145,170,180,198,271,370,391,395,465,502,588,609
28 0,1,2,3,4,5,7,8,9,11,19,25,26,27,33,35,42,43,52,65,74,76,77,105,117,131,166,182,211,221,253,264,294,328,377,493,529,543,582,648
29 0,1,2,4,6,7,8,9,10,11,12,13,14,17,18,19,28,29,34,36,41,45,55,58,67,68,70,94,100,108,112,126,181,188,236,241,283,314,387,428,474,523,532,571
30 0,1,2,3,4,5,7,11,12,13,21,24,30,34,36,38,44,45,63,69,82,111,140,144,191,199,310,416,430,536,606,644
31 0,1,2,3,5,6,7,8,10,11,13,14,15,18,22,25,27,29,36,44,53,55,57,61,64,69,75,83,102,106,188,232,244,245,385,414,454,458,586,600
32 0,1,2,3,5,6,7,8,9,10,12,13,14,15,21,24,26,30,31,36,38,39,42,45,57,62,75,84,98,103,107,115,150,174,192,299,304,332,533
33 0,1,2,3,4,5,7,8,9,12,13,14,15,18,23,25,26,30,32,33,39,47,56,59,65,99,113,127,151,157,163,164,177,192,237,287,436,483,496,541,572
34 0,1,2,3,8,10,12,13,14,19,23,27,28,30,31,35,38,39,41,44,59,61,64,67,71,107,108,121,164,178,192,195,273,286,352,365,370,454,571
35 0,1,2,3,4,5,8,11,12,13,14,16,29,30,36,39,42,46,51,83,84,96,117,139,151,160,234,529,562
36 0,1,2,4,5,6,8,13,14,15,19,32,33,37,38,68,75,95,105,106,107,152,162,193,213,219,364,396,399,415,421
37 0,1,2,4,5,6,7,8,13,16,17,18,19,21,22,31,38,39,48,54,56,75,83,86,90,99,106,109,110,111,112,158,181,197,198,217,223,238,254,273,285,289,291,296,336,341
38 0,1,2,3,4,5,7,10,11,12,15,20,21,23,27,29,34,51,58,65,76,82,88,114,195,202,204,261,292,527,643
39 0,1,2,4,6,7,9,11,15,16,20,21,23,27,35,85,99,120,139,224,410,449
40 0,1,2,4,6,8,9,10,13,17,24,26,27,30,36,42,49,52,118,126,142,185,208,250,282,545
41 0,1,2,3,5,7,8,11,14,17,19,20,22,25,26,36,44,75,81,83,140,141,147,184,229,261,459,468,570
42 0,1,2,3,4,7,10,12,13,16,23,25,27,28,29,33,41,56,67,74,82,85,112,121,168,215,237,284,426,431,450,452,463,468
43 0,1,2,4,5,8,14,16,17,22,27,54,64,68,90,130,160,162,193,196,246,253,258,260,298,392,416,422,565
44 0,1,2,3,4,6,7,8,10,13,14,15,28,29,30,32,44,55,73,91,98,102,122,130,168,583,603,616
45 0,1,2,3,4,6,7,8,20,21,22,25,26,28,30,32,33,38,42,50,58,71,73,75,81,87,90,101,102,214,263,275,299,403
46 0,1,2,3,4,7,8,9,11,13,28,33,36,68,72,74,125,191,228,298,333,394,620
47 0,1,2,3,4,5,7,9,12,14,26,29,31,34,36,44,48,68,76,94,121,124,134,135,163,224,283,359,591
48 0,1,2,5,10,15,16,43,56,138
49 0,1,2,3,4,7,8,10,12,13,14,16,21,24,25,26,27,28,30,36,37,42,73,126,143,186,187,243,448
50 0,1,2,3,4,5,6,7,8,9,10,13,14,15,17,24,30,37,41,56,70,77,79,101,104,113,114,123,190,191,248,488
51 0,1,2,3,4,7,8,9,10,13,14,15,16,17,23,26,28,70,79,112,208,227,314,315,379,390,444,471,635
52 0,1,2,3,4,5,6,7,8,10,11,17,21,23,24,25,27,31,47,50,53,67,71,73,86,103,113,123,129,139,167,168,189,234,289,304,324,350,473,488,581,609
53 0,1,2,3,4,5,7,8,20,28,29,38,39,48,52,57,74,87,88,115,138,147,179,266,274,286,558
54 0,1,2,3,5,8,9,16,23,25,28,35,60,102,116,163,317,339,386,594
55 0,1,2,4,6,7,8,13,14,16,19,30,31,38,40,44,50,81,87,114,120,142,155,227,245,521,587
56 0,1,2,4,7,11,12,13,14,15,17,19,22,23,27,33,40,58,69,79,82,94,103,104,108,113,178,553,558
57 0,1,2,3,4,7,8,20,22,41,47,74,105,184,193,216,518,548
58 0,1,2,4,16,32,40,41,84,133,145,200,308,397,470
59 0,1,2,3,7,8,10,11,15,16,31,36,40,45,55,62,78,81,89,96,99,117,131,141,156,176,194,420,436,457,592,626
60 0,1,2,3,4,5,7,8,10,14,15,18,25,28,37,41,47,48,50,80,95,135,167,175,216,220,231,270,534
61 0,1,2,4,43,53,65,113,177,282,338,485,621
62 0,1,2,3,7,8,9,13,15,18,21,33,41,59,69,414
63 0,1,2,3,4,7,10,12,13,14,17,18,22,25,26,34,47,50,54,61,66,68,112,120,129,242,260,278,326,457,621
64 0,1,2,3,6,7,8,11,18,21,22,25,29,30,49,53,58,119,135,438,627
65 0,1,2,4,7,8,25,27,54,91,99,170,248,259,516
66 0,1,2,6,7,8,12,17,25,34,45,78
67 0,1,2,10,12,13,14,21,24,27,36,48,61,68,85,90,99,102,189,204,220,368
68 0,1,2,3,5,6,8,9,11,13,14,18,20,21,23,30,48,49,50,56,66,67,77,83,91,96,103,157,181,207,216,223,269,286,294
69 0,1,2,3,5,7,8,13,14,19,25,26,30,32,37,48,51,54,68,76,141,196,227,265,321,385,611
70 0,1,2,7,10,16,17,18,25,26,29,40,45,47,132,252
71 0,1,2,7,10,12,13,14,15,19,25,26,43,48,61,71,82,89,108,220,350,356,475
72 0,1,2,3,4,11,15,16,18,25,35,45,55,63,178
73 0,1,2,5,6,8,10,12,18,20,24,26,32,42,111,119,212,243,247,470
74 0,1,2,3,14,22,29,32,36,41,44,78,98,125,134,145,157
75 0,1,2,3,8,14,16,26,27,35,44,54,56,61,95,141,158,160,162,177,210,323,348
76 0,1,2,4,6,8,12,16,21,40,75,78,145,166,223,396
77 0,1,3,16,118
78 0,1,2,4,10,14,23,25,26,28,30,58,164,212,302,471
79 0,1,2,3,7,8,13,16,18,44,45,55,113,114,140,183,216,273,533
80 0,1,2,3,4,7,8,9,19,25,28,44,84,116,129,130,133,136,142,354,376
81 0,1,2,3,5,10,27,33,37,42,48,66,84,85,111,178,199,410
82 0,1,6,8,20,26,27,30,31,37,38,49,54,146,176,270,318,320,422,526,548,579
83 0,1,2,7,8,10,18,20,35,45,49,59,63,82,87,203,239,441,579
84 0,1,2,4,7,10,17,34,43,45,48,58,71,119,127,259,589
85 0,1,52,58,93,110,244
86 0,1,7,16,38,74,95
87 0,1,7,13,18,22,24,26,33,71,82,166,328,587,589
88 0,1,2,4,5,9,11,13,14,19,22,23,28,32,58,64,74,95,99,125,210,278,464,557
89 0,1,2,14,16,24,35,37,59,80,442
90 0,1,2,3,4,5,8,12,17,22,35,55,60,109,111,144,199,235,442,624
91 0,1,2,7,8,9,10,13,17,18,22,25,29,71,78,111,151,199,231,343
92 0,1,2,25,58,138
93 0,1,2,9,10,20,27,65,116,167,171,612
94 0,1,4,8,9,11,13,18,36,38,71,78,123,157,198,215,311
95 0,1,7,10,16,19,52,154,257,514
96 0,1,2,3,14,30,45,48,57,535,544,549,622
97 0,1,5,8,14,15,16,24,25,28,30,35,37,44,45,59,61,81,126,134,161,162,239,361,556,570
98 0,1,2,3,5,6,7,44,49,92,93,100,111,166,179,199,262
99 0,1,2,3,5,12,13,14,16,17,19,24,34,38,69,87,103,120,151,163,202,253,521,613
100 0,1,3,6,10,12,13,15,16,18,19,26,89,115,119,267,272,567
101 0,1,2,10,20,137,208
102 0,1,2,9,10,12,13,17,18,19,161,187
103 0,1,16,212
104 0,1,2,5,7,8,12,16,28,32,71,137,188,339,472
105 0,1,2,7,8,9,13,19,21,26,28,42,52,96,140,344
106 0,1,2,8,10,12,18,32,51,56,82,92,110,185,277
107 0,1,2,3,4,7,12,14,16,17,20,31,40,41,43,53,54,73,79,107,294,402
108 0,1,2,3,15,23,45,68,134,151,252,614
109 0,1,2,3,4,7,8,9,12,15,19,23,25,31,39,42,46,56,83,92,101,110,114,132,183,233,238,307,405
110 0,1,2,4,7,14,29,59,65,73,80,96,137,147,153,232,284,511
111 0,1,6,7,10,13,17,26,28,33,38,43,45,61,63,67,71,98,619
112 0,1,2,10,21,24,36,37,251
113 0,1,2,20,66,78,87,511
114 0,1,2,7,26,186
115 0,1,2,3,11,14,16,33,75,237,288,573
116 0,1,2,7,9,10,16,25,31,32,38,143,150,220
117 0,1,7,10,13,14,20,61,77,209
118 0,1,4,7,11,16,22,66,266,467,497,509,518,629
119 0,1,2,3,4,5,13,16,27,45,47,61,121,241,294
120 0,1,4,7,16,18,19,31,38,41,77,347,503
121 0,1,6,8,12,19,30,59,165,207,232,343
122 0,1,2,4,21,32,57,66,81,238
123 0,1,2,3,4,6,13,15,23,42,54,63,117,257
124 0,1,2,4,7,14,18,25,27,356
125 0,1,2,5,7,12,13,16,52,110,129,142,249,348
126 0,1,2,7,19,61,65,602
127 0,1,2,3,6,7,8,20,25,34,103,137,139,334,359,472,507
128 0,1,7,70,136,296,424
129 0,1,2,4,8,16,18,55
130 0,1,19,43,44,171
131 0,1,2,3,86,292
132 0,1,7,13,26,59
133 0,1,2,14,19,209,491
134 0,1,2,8,20,52,81,165,214,240,536
135 0,1,2,4,13,23,26,36,56,70,445,637
136 0,1,2,3,16,28,34,50,53,63,84,99,118,165,297,611
137 0,1,2,3,7,14,44,81,138,326,477
138 0,1,2,3,6,11,24,31,45,52,79
139 0,1,2,8,13,20,38,44,89,141,177,303
140 0,1,3,4,13,24,29,98
141 0,1,3,4,7,35,71,128,167,218,516
142 0,1,2,13,38,88,193,404
143 0,1,2,27,37,49,56,72,79
144 0,1,3,4,17,48,72,100,167
145 0,1,2,4,16,207,283,449,593
146 0,1,2,159,281,371,519
147 0,1,3,8,53,278
148 0,1,27,28,152,161,463
149 0,1,2,29,332,446,507
150 0,1,2,37
151 0,1,18,27,32,71,142,186
152 0,1,2,9,10,14,16,101,266,319,514,566
153 0,1,20,28,40
154 0,1,8,45,56,77,347,493,503
155 0,1,2
156 0,1,2,9,18,26,111,148,327,447,498
157 0,1,4,48
158 0,1,2,27,64
159 0,1,114
160 0,1,7,8,28,55,82,121,217,490
161 0,1,16,23,71,95,163,179
162 0,1,2,13,16,18,22,26,80,81,87,131,138,189,476
163 0,1,3,6,8,14,15,28,56,57,71,143,183,349
164 0,1,2,5,17,20,38,130,142,195
165 0,1,2,3,4,13,19,25,32,35,68,139,209,239,469,574,614
166 0,1,4,5,8,28,134,196
167 0,1,2,10,15,38,46
168 0,1,4,10,16,18,27,28,38
169 0,1,2,7,27,110,612
170 0,1,35,81,563
171 0,1,3,17,19
172 0,1,14,205,209
173 0,1,2,151,219,220
174 0,1,9,59,208
175 0,1,47,209
176 0,1,32,101,130
177 0,1,368
178 0,1,2,7,52,73,116
179 0,1,2,29,92,154,227,501
180 0,1,2,3,5,6,10,53,56,57,186,284
181 0,1,3,13,43,84,200,469
182 0,1,2,3,4,20
183 0,1,13,29,43,59,75,82,200,208
184 0,1,13,75,325
185 0,1,2,4,49,84,174
186 0,1,2,4,23,26,57,95
187 0,1,2,4,7,13,14,26,28,32,61,84,200,560
188 0,1,83,93,94,159,456
189 0,1,2,8,38,249,613
190 0,1,2,4,12,16,64,72,277
191 0,1,47,515
192 0,1,8,12,16,22
193 0,1,16
194 0,1,10
195 0,1,71
196 0,1,10,106
197 0,1,23,36
198 0,1,35,295
199 0,1,11,56
200 0,1,110,114
201 0,1,18,26,433,500,559
202 0,1,2,4,20,459
203 0,1,2,4,9,497
204 0,1,2,4,6,60,71,292
205 0,1,4,38,249,286,351
206 0,1,2,4,18,21,51,63,91,128,183,382
207 0,1,2,3,6,11,89,272
208 0,1,10,16,31,36
209 0,1,3,4,46,57,80,128,160
210 0,1,7,45,108,218,267
211 0,1,2,10,30,620
212 0,1,2,3,4,8,9,17,18,70,82,106,108,441
213 0,1,2,13,45
214 0,1,27,38,52,185,258,378
215 0,1,18,73,284
216 0,1,7,45,60,78,235
217 0,1,2
218 0,1,9,27,37,188
219 0,1,18,215,317
220 0,1,2,13,14,233
221 0,1,2,3,6,11,12,18,20,77,133,363,484
222 0,1,5
223 0,1,40
224 0,1,351
225 0,1,15,16
226 0,1,9,14,23,27,289
227 0,1,70,563
228 0,1,2,4
229 0,1,9,16
230 0,1
231 0,1,26,136
232 0,1,2,81
233 0,1,2,12,16
234 0,1,73,114
235 0,1,4,40,367
236 0,1,9,23,535
237 0,1,6,13
238 0,1,2,10,16
239 0,1,402
240 0,1,86,193
241 0,1,2,52,70
242 0,1,2,24,61
243 0,1,12,56,68,148
244 0,1,3,20,27,45,69,128
245 0,1,4,47,136,297
246 0,1,8,128,182
247 0,1,9,30
248 0,1
249 0,1,2,5,6,9,38,94
250 0,1,7,12,245,300
251 0,1,4,15,384
252 0,1,25,55,194,376,582
253 0,1,45,66,435
254 0,1,9
255 0,1,27,49,73
256 0,1,11,29,59,136,555,584,597
257 0,1,36,391
258 0,1,11,18,24,34,280
259 0,1,57
260 0,1,2,5,8,14,32
261 0,1,128
262 0,1
263 0,1
264 0,1,16,29,61
265 0,1
266 0,1,9
267 0,1
268 0,1
269 0,1,19
270 0,1,4,69
271 0,1,8,22,31
272 0,1,3
273 0,1,8,417
274 0,1,4,460
275 0,1
276 0,1,26
277 0,1,417
278 0,1
279 0,1
280 0,1,550
281 0,1,16
282 0,1,29
283 0,1,8
284 0,1,65,230,276
285 0,1,18,191,631
286 0,1,2,3
287 0,1,2,7,32,122
288 0,1,3,10
289 0,1,203,216
290 0,1,2,26
291 0,1,20,59
292 0,1,35,265
293 0,1,3,6,7,12,36,60,78,464
294 0,1,12,50
295 0,1,2,10,72,78
296 0,1,9
297 0,1,6,8,14,23,32,39,54,92
298 0,1
299 0,1
300 0,1,13
301 0,1,2,11,15
302 0,1,3,14,16
303 0,1,519
304 0,1,29,45,96,124
305 0,1,62,110
306 0,1,8,136,157,384,572
307 0,1,7,9,30,58
308 0,1,3,34,592
309 0,1,2,6,16,31,41,52,54,88,487,606
310 0,1,7,23,28,80,217,573
311 0,1,18,47,182,257,585,598
312 0,1,56,172,202,413
313 0,1,6,34,35,70,98,287
314 0,1,13,30,34,166,291,305
315 0,1
316 0,1
317 0,1,6,45,50,96,120
318 0,1,2,24
319 0,1,11
320 0,1,10,29
321 0,1,33,117,504
322 0,1,17
323 0,1,33,67,204
324 0,1
325 0,1
326 0,1,241,455
327 0,1
328 0,1
329 0,1
330 0,1
331 0,1
332 0,1
333 0,1,6
334 0,1
335 0,1,13
336 0,1
337 0,1
338 0,1,10
339 0,1
340 0,1
341 0,1
342 0,1
343 0,1
344 0,1
345 0,1
346 0,1
347 0,1
348 0,1
349 0,1
350 0,1
351 0,1
352 0,1
353 0,1
354 0,1,5,83
355 0,1,4
356 0,1
357 0,1,4,9,190
358 0,1,2,5,9,49
359 0,1,4
360 0,1,6
361 0,1,5,13,14,70,81,427
362 0,1,4,12,16,38,307,375
363 0,1,2,40
364 0,1,4,5
365 0,1,5,9,26,56,116,121,150,182,262
366 0,1,9,13,48,84
367 0,1,2,4,5,14,161
368 0,1,3,14,102,197,275
369 0,1,4
370 0,1,160
371 0,1,51,91
372 0,1,2,31,75,155,404
373 0,1,2,3,4,9,15,20,22,26,85,91,138,233
374 0,1,2,4,71
375 0,1,22,70,109,120,287
376 0,1,2,9,12,18,21,77
377 0,1,20,32,108
378 0,1
379 0,1,2,16,18,20,48
380 0,1,3,20,31,363,455
381 0,1,265,560
382 0,1,2,9,86,121
383 0,1,4,6,12,30,51,72
384 0,1,2,6,12,15,72,532
385 0,1,37,40
386 0,1,6,7,10,11,40,56,95,138,147,164
387 0,1,2,7,29,32,346
388 0,1,3,5,7,17,66,83,126,225
389 0,1,83,247
390 0,1,2,48,64,102,233,309
391 0,1,23
392 0,1,2,56,132,203,420
393 0,1,2,5,73,505
394 0,1,57,85,126,133,354,484
395 0,1,2,12,32
396 0,1,6,425
397 0,1,9,43
398 0,1,2,5,9,30,38
399 0,1,604
400 0,1,9,39,229
401 0,1,9,403
402 0,1,3,15,178
403 0,1,2,11,126
404 0,1,2,4,5,8,12,17,18,23,64,78
405 0,1,2,3,9,16,54,58,91,107,352,381
406 0,1,2,15,66
