0 0,1,2,3,4,5,6,7,8,9,10,11,12,13,14,15,16,17,18,19,20,21,22,23,24,25,26,27,28,29,30,31,32,33,34,35,36,37,38,39,40,41,42,43,44,45,46,47,48,49,50,51,52,53,54,55,57,58,60,61,62,63,64,65,66,67,69,72,73,74,75,76,77,78,79,80,81,82,83,85,86,87,88,89,90,91,92,93,94,95,96,97,98,99,100,101,102,104,105,107,109,110,111,112,113,115,116,117,118,119,120,122,123,124,125,127,129,130,131,132,133,135,136,137,138,139,140,141,143,144,145,146,148,149,150,152,153,154,155,156,157,158,159,160,161,162,163,164,167,169,170,172,173,174,175,177,178,179,182,183,184,185,186,187,190,194,195,196,198,201,205,206,210,212,214,215,218,222,223,224,225,226,228,231,234,235,236,237,238,240,242,243,246,251,253,255,256,259,263,269,275,276,277,282,289,290,292,293,299,301,302,304,306,315,316,323,331,337,342,344,345,353,358,372,373,380,381,388,389,392,393,400,406,408,411,412,418,423,429,432,434,435,437,440,443,445,447,448,450,451,461,466,478,479,480,481,486,494,495,506,508,512,515,517,520,528,531,540,543,544,545,546,552,553,554,555,576,577,580,588,590,595,596,601,602,607,608,616,618,625,628,642,645,646
1 0,1,2,3,4,5,6,7,8,9,10,11,12,14,15,16,17,18,19,20,21,22,23,24,25,26,27,28,29,30,31,32,33,34,35,36,37,38,39,40,41,42,43,44,45,46,47,48,49,50,51,52,53,54,55,59,60,61,62,63,64,65,66,67,68,69,70,71,72,73,74,75,76,77,79,80,81,83,84,85,88,89,91,92,95,96,97,99,100,101,102,103,107,110,111,113,114,115,116,117,118,121,122,127,128,130,131,132,136,137,145,147,148,149,153,154,161,162,164,166,168,169,170,171,172,180,181,183,200,201,203,206,207,214,218,220,221,227,230,231,240,246,248,249,250,255,256,263,267,268,269,274,278,279,283,293,296,306,307,308,318,319,322,329,330,335,338,340,341,355,357,360,362,366,367,369,386,389,398,405,411,415,421,423,424,430,433,437,446,453,461,462,467,486,495,501,505,508,510,513,520,528,531,537,547,549,569,576,580,585,599,601,608,639,640
2 0,1,2,3,4,5,6,7,8,9,10,11,12,13,14,15,16,17,18,19,20,21,22,23,24,25,26,27,28,29,30,32,33,34,35,36,38,39,40,41,42,43,45,47,49,50,51,52,53,56,59,60,62,64,65,66,69,72,73,74,76,79,84,85,86,87,88,90,91,93,94,95,96,101,102,104,105,109,113,115,116,117,118,121,122,129,131,133,134,136,140,143,145,147,150,151,158,159,160,164,174,181,189,190,198,204,205,206,207,219,228,233,234,240,247,256,263,274,275,277,285,288,291,301,316,325,364,371,373,374,377,378,382,394,407,419,440,443,456,458,481,482,498,499,502,523,524,525,526,530,538,551,552,567,593,595,615,617,618,634,641
3 0,1,2,3,4,5,6,7,8,9,10,11,12,13,14,15,16,17,18,19,20,21,22,23,24,25,26,27,28,29,30,32,33,34,35,38,39,40,41,42,43,44,46,47,48,50,51,53,54,55,58,59,60,61,62,63,67,69,70,71,72,73,74,75,76,78,79,86,87,90,92,96,99,105,109,115,116,118,119,120,123,124,125,127,130,131,132,136,138,139,141,142,143,148,154,162,173,174,175,189,197,202,203,205,216,217,222,224,225,228,229,232,241,242,244,271,274,281,285,288,296,300,309,320,330,333,335,342,346,355,372,383,409,412,428,429,431,478,483,487,491,506,509,513,530,537,541,542,551,554,557,564,568,578,581,584,597,598,607,615,647
4 0,1,2,3,4,5,6,7,8,9,10,11,12,13,14,15,16,17,18,19,21,22,23,24,26,27,28,29,30,33,35,36,39,40,41,43,46,47,49,50,51,63,64,65,66,67,69,71,72,73,75,77,82,84,86,89,90,94,96,97,100,101,108,112,114,116,119,126,127,131,133,141,144,146,147,153,156,157,159,164,169,170,175,176,182,184,194,202,205,208,210,211,232,251,271,276,295,311,313,321,349,361,379,388,398,399,427,438,439,452,465,473,500,510,525,546,556,578,605,633,636
5 0,1,2,3,4,5,6,7,8,9,10,11,12,14,15,16,17,18,19,20,23,24,25,26,27,28,29,30,31,32,33,34,35,36,40,42,43,45,46,47,48,50,51,54,56,61,63,66,70,72,77,78,80,84,85,86,91,97,100,106,111,116,119,120,121,132,152,156,166,167,169,176,180,184,190,202,204,207,211,225,239,243,255,280,282,297,302,327,390,395,413,426,444,460,504,524,547,565,596,610
6 0,1,2,3,4,5,6,7,8,9,10,11,12,13,14,15,17,18,19,20,22,23,24,25,26,27,28,29,31,32,33,37,40,41,42,43,44,45,47,53,56,58,61,64,67,68,70,72,74,77,80,85,88,90,94,95,96,98,100,115,116,125,126,127,134,151,156,160,163,171,175,187,193,200,201,204,210,211,234,247,248,268,270,280,285,288,312,340,362,375,383,387,397,401,490,492,517,534,561,574,591,617,619,622,630,638
7 0,1,2,3,4,5,6,7,8,9,10,11,12,13,14,16,17,19,20,21,22,23,25,26,27,29,30,32,34,36,37,38,39,45,47,48,55,56,58,64,66,67,68,69,72,73,77,79,89,91,94,95,103,107,124,129,135,142,143,147,166,167,177,181,192,205,230,252,279,281,295,305,312,334,360,369,475,477,540,561,562,568,575,583
8 0,1,2,3,4,5,6,7,8,9,10,11,12,13,14,15,16,17,18,19,20,21,22,23,24,25,27,29,31,32,35,36,38,39,40,42,44,52,53,54,55,56,58,59,61,65,66,69,73,79,80,89,93,100,102,109,124,132,135,137,140,141,144,149,152,156,163,172,188,191,196,213,224,226,230,254,261,262,276,303,400,474,489,496,538,594,599,600,605
9 0,1,2,3,4,5,6,7,8,9,10,11,12,13,14,15,16,17,18,19,22,23,24,25,28,30,31,33,34,35,37,38,39,41,42,43,46,47,48,51,52,53,55,58,63,70,72,73,77,80,83,84,85,87,89,92,96,100,104,109,110,112,118,125,128,129,133,155,169,190,197,199,213,215,226,250,254,260,261,266,267,270,272,297,313,324,345,401,425,476,479,480,485,489,494,527,559,586,604,623
10 0,1,2,3,4,5,6,7,8,9,10,12,13,14,15,17,18,19,20,21,22,24,25,27,28,31,33,34,36,37,39,41,42,44,45,47,51,52,61,72,73,75,76,83,86,88,89,98,99,101,103,105,126,139,149,158,168,169,176,214,224,225,236,257,262,336,365,380,408,409,419,542,550,575
11 0,1,2,3,4,5,6,7,8,9,12,13,15,17,18,20,22,26,29,31,32,33,34,36,37,39,41,46,51,53,55,59,62,66,67,69,70,72,75,76,79,81,82,87,100,104,109,120,121,131,139,140,153,156,176,180,183,192,197,213,221,229,258,264,290,291,366,492,522,539,564
12 0,1,2,3,4,5,6,7,8,9,10,11,12,13,14,15,16,19,20,21,24,25,26,28,29,30,31,38,39,40,41,43,49,52,53,59,60,61,64,65,66,68,70,74,75,77,91,95,104,105,108,112,119,129,152,158,196,206,217,225,254,264,271,310,374,407,439,566,569,577,632
13 0,1,2,3,4,5,6,7,8,9,11,12,13,14,16,19,20,21,23,24,26,27,30,33,35,41,42,43,45,46,49,53,55,61,65,67,68,70,76,78,79,87,94,98,105,134,141,145,148,159,170,180,182,185,197,198,211,219,265,271,280,298,358,370,391,395,434,465,502,522,539,588,603,609
14 0,1,2,3,4,5,6,7,8,9,10,11,12,13,14,17,18,19,25,26,27,28,29,33,34,35,36,41,42,43,45,52,55,58,65,67,68,70,74,76,77,94,100,105,108,112,117,126,131,166,181,182,188,211,221,236,241,253,264,283,294,314,328,377,387,428,474,493,523,529,532,543,571,582,648
15 0,1,2,3,4,5,6,7,8,10,11,12,13,14,15,18,21,22,24,25,27,29,30,34,36,38,44,45,53,55,57,61,63,64,69,75,82,83,102,106,111,140,144,188,191,199,232,244,245,310,385,414,416,430,454,458,536,586,600,606,644
16 0,1,2,3,4,5,6,7,8,9,10,12,13,14,15,18,21,23,24,25,26,30,31,32,33,36,38,39,42,45,47,56,57,59,62,65,75,84,98,99,103,107,113,115,127,150,151,157,163,164,174,177,192,237,287,299,304,332,436,483,496,533,541,572
17 0,1,2,3,4,5,8,10,11,12,13,14,16,19,23,27,28,29,30,31,35,36,38,39,41,42,44,46,51,59,61,64,67,71,83,84,96,107,108,117,121,139,151,160,164,178,192,195,234,273,286,352,365,370,454,529,562,571
18 0,1,2,4,5,6,7,8,13,14,15,16,17,18,19,21,22,31,32,33,37,38,39,48,54,56,68,75,83,86,90,95,99,105,106,107,109,110,111,112,152,158,162,181,193,197,198,213,217,219,223,238,254,273,285,289,291,296,336,341,364,396,399,415,421
19 0,1,2,3,4,5,6,7,9,10,11,12,15,16,20,21,23,27,29,34,35,51,58,65,76,82,85,88,99,114,120,139,195,202,204,224,261,292,410,449,527,643
20 0,1,2,3,4,5,6,7,8,9,10,11,13,14,17,19,20,22,24,25,26,27,30,36,42,44,49,52,75,81,83,118,126,140,141,142,147,184,185,208,229,250,261,282,459,468,545,570
21 0,1,2,3,4,5,7,8,10,12,13,14,16,17,22,23,25,27,28,29,33,41,54,56,64,67,68,74,82,85,90,112,121,130,160,162,168,193,196,215,237,246,253,258,260,284,298,392,416,422,426,431,450,452,463,468,565
22 0,1,2,3,4,6,7,8,10,13,14,15,20,21,22,25,26,28,29,30,32,33,38,42,44,50,55,58,71,73,75,81,87,90,91,98,101,102,122,130,168,214,263,275,299,403,583,603,616
23 0,1,2,3,4,5,7,8,9,11,12,13,14,26,28,29,31,33,34,36,44,48,68,72,74,76,94,121,124,125,134,135,163,191,224,228,283,298,333,359,394,591,620
24 0,1,2,3,4,5,7,8,10,12,13,14,15,16,21,24,25,26,27,28,30,36,37,42,43,56,73,126,138,143,186,187,243,448
25 0,1,2,3,4,5,6,7,8,9,10,13,14,15,16,17,23,24,26,28,30,37,41,56,70,77,79,101,104,112,113,114,123,190,191,208,227,248,314,315,379,390,444,471,488,635
26 0,1,2,3,4,5,6,7,8,10,11,17,20,21,23,24,25,27,28,29,31,38,39,47,48,50,52,53,57,67,71,73,74,86,87,88,103,113,115,123,129,138,139,147,167,168,179,189,234,266,274,286,289,304,324,350,473,488,558,581,609
27 0,1,2,3,4,5,6,7,8,9,13,14,16,19,23,25,28,30,31,35,38,40,44,50,60,81,87,102,114,116,120,142,155,163,227,245,317,339,386,521,587,594
28 0,1,2,3,4,7,8,11,12,13,14,15,17,19,20,22,23,27,33,40,41,47,58,69,74,79,82,94,103,104,105,108,113,178,184,193,216,518,548,553,558
29 0,1,2,3,4,7,8,10,11,15,16,31,32,36,40,41,45,55,62,78,81,84,89,96,99,117,131,133,141,145,156,176,194,200,308,397,420,436,457,470,592,626
30 0,1,2,3,4,5,7,8,10,14,15,18,25,28,37,41,43,47,48,50,53,65,80,95,113,135,167,175,177,216,220,231,270,282,338,485,534,621
31 0,1,2,3,4,7,8,9,10,12,13,14,15,17,18,21,22,25,26,33,34,41,47,50,54,59,61,66,68,69,112,120,129,242,260,278,326,414,457,621
32 0,1,2,3,4,6,7,8,11,18,21,22,25,27,29,30,49,53,54,58,91,99,119,135,170,248,259,438,516,627
33 0,1,2,6,7,8,10,12,13,14,17,21,24,25,27,34,36,45,48,61,68,78,85,90,99,102,189,204,220,368
34 0,1,2,3,5,6,7,8,9,11,13,14,18,19,20,21,23,25,26,30,32,37,48,49,50,51,54,56,66,67,68,76,77,83,91,96,103,141,157,181,196,207,216,223,227,265,269,286,294,321,385,611
35 0,1,2,7,10,12,13,14,15,16,17,18,19,25,26,29,40,43,45,47,48,61,71,82,89,108,132,220,252,350,356,475
36 0,1,2,3,4,5,6,8,10,11,12,15,16,18,20,24,25,26,32,35,42,45,55,63,111,119,178,212,243,247,470
37 0,1,2,3,8,14,16,22,26,27,29,32,35,36,41,44,54,56,61,78,95,98,125,134,141,145,157,158,160,162,177,210,323,348
38 0,1,2,3,4,6,8,12,16,21,40,75,78,118,145,166,223,396
39 0,1,2,3,4,7,8,10,13,14,16,18,23,25,26,28,30,44,45,55,58,113,114,140,164,183,212,216,273,302,471,533
40 0,1,2,3,4,5,7,8,9,10,19,25,27,28,33,37,42,44,48,66,84,85,111,116,129,130,133,136,142,178,199,354,376,410
41 0,1,2,6,7,8,10,18,20,26,27,30,31,35,37,38,45,49,54,59,63,82,87,146,176,203,239,270,318,320,422,441,526,548,579
42 0,1,2,4,7,10,17,34,43,45,48,52,58,71,93,110,119,127,244,259,589
43 0,1,7,13,16,18,22,24,26,33,38,71,74,82,95,166,328,587,589
44 0,1,2,4,5,9,11,13,14,16,19,22,23,24,28,32,35,37,58,59,64,74,80,95,99,125,210,278,442,464,557
45 0,1,2,3,4,5,7,8,9,10,12,13,17,18,22,25,29,35,55,60,71,78,109,111,144,151,199,231,235,343,442,624
46 0,1,2,9,10,20,25,27,58,65,116,138,167,171,612
47 0,1,4,7,8,9,10,11,13,16,18,19,36,38,52,71,78,123,154,157,198,215,257,311,514
48 0,1,2,3,5,8,14,15,16,24,25,28,30,35,37,44,45,48,57,59,61,81,126,134,161,162,239,361,535,544,549,556,570,622
49 0,1,2,3,5,6,7,12,13,14,16,17,19,24,34,38,44,49,69,87,92,93,100,103,111,120,151,163,166,179,199,202,253,262,521,613
50 0,1,2,3,6,10,12,13,15,16,18,19,20,26,89,115,119,137,208,267,272,567
51 0,1,2,9,10,12,13,16,17,18,19,161,187,212
52 0,1,2,5,7,8,9,12,13,16,19,21,26,28,32,42,52,71,96,137,140,188,339,344,472
53 0,1,2,3,4,7,8,10,12,14,16,17,18,20,31,32,40,41,43,51,53,54,56,73,79,82,92,107,110,185,277,294,402
54 0,1,2,3,4,7,8,9,12,15,19,23,25,31,39,42,45,46,56,68,83,92,101,110,114,132,134,151,183,233,238,252,307,405,614
55 0,1,2,4,6,7,10,13,14,17,26,28,29,33,38,43,45,59,61,63,65,67,71,73,80,96,98,137,147,153,232,284,511,619
56 0,1,2,10,20,21,24,36,37,66,78,87,251,511
57 0,1,2,3,7,11,14,16,26,33,75,186,237,288,573
58 0,1,2,7,9,10,13,14,16,20,25,31,32,38,61,77,143,150,209,220
59 0,1,2,3,4,5,7,11,13,16,22,27,45,47,61,66,121,241,266,294,467,497,509,518,629
60 0,1,4,6,7,8,12,16,18,19,30,31,38,41,59,77,165,207,232,343,347,503
61 0,1,2,3,4,6,13,15,21,23,32,42,54,57,63,66,81,117,238,257
62 0,1,2,4,5,7,12,13,14,16,18,25,27,52,110,129,142,249,348,356
63 0,1,2,3,6,7,8,19,20,25,34,61,65,103,137,139,334,359,472,507,602
64 0,1,2,4,7,8,16,18,55,70,136,296,424
65 0,1,2,3,19,43,44,86,171,292
66 0,1,2,7,13,14,19,26,59,209,491
67 0,1,2,4,8,13,20,23,26,36,52,56,70,81,165,214,240,445,536,637
68 0,1,2,3,7,14,16,28,34,44,50,53,63,81,84,99,118,138,165,297,326,477,611
69 0,1,2,3,6,8,11,13,20,24,31,38,44,45,52,79,89,141,177,303
70 0,1,3,4,7,13,24,29,35,71,98,128,167,218,516
71 0,1,2,13,27,37,38,49,56,72,79,88,193,404
72 0,1,2,3,4,16,17,48,72,100,167,207,283,449,593
73 0,1,2,3,8,53,159,278,281,371,519
74 0,1,2,27,28,29,152,161,332,446,463,507
75 0,1,2,18,27,32,37,71,142,186
76 0,1,2,9,10,14,16,20,28,40,101,266,319,514,566
77 0,1,2,8,45,56,77,347,493,503
78 0,1,2,4,9,18,26,48,111,148,327,447,498
79 0,1,2,27,64,114
80 0,1,7,8,16,23,28,55,71,82,95,121,163,179,217,490
81 0,1,2,3,6,8,13,14,15,16,18,22,26,28,56,57,71,80,81,87,131,138,143,183,189,349,476
82 0,1,2,3,4,5,13,17,19,20,25,32,35,38,68,130,139,142,195,209,239,469,574,614
83 0,1,2,4,5,8,10,15,28,38,46,134,196
84 0,1,2,4,7,10,16,18,27,28,38,110,612
85 0,1,3,17,19,35,81,563
86 0,1,2,14,151,205,209,219,220
87 0,1,9,47,59,208,209
88 0,1,32,101,130,368
89 0,1,2,7,29,52,73,92,116,154,227,501
90 0,1,2,3,5,6,10,13,43,53,56,57,84,186,200,284,469
91 0,1,2,3,4,13,20,29,43,59,75,82,200,208
92 0,1,2,4,13,49,75,84,174,325
93 0,1,2,4,7,13,14,23,26,28,32,57,61,84,95,200,560
94 0,1,2,8,38,83,93,94,159,249,456,613
95 0,1,2,4,12,16,47,64,72,277,515
96 0,1,8,12,16,22
97 0,1,10,71
98 0,1,10,23,36,106
99 0,1,11,35,56,295
100 0,1,18,26,110,114,433,500,559
101 0,1,2,4,9,20,459,497
102 0,1,2,4,6,38,60,71,249,286,292,351
103 0,1,2,3,4,6,11,18,21,51,63,89,91,128,183,272,382
104 0,1,3,4,10,16,31,36,46,57,80,128,160
105 0,1,2,7,10,30,45,108,218,267,620
106 0,1,2,3,4,8,9,13,17,18,45,70,82,106,108,441
107 0,1,18,27,38,52,73,185,258,284,378
108 0,1,2,7,45,60,78,235
109 0,1,9,18,27,37,188,215,317
110 0,1,2,3,6,11,12,13,14,18,20,77,133,233,363,484
111 0,1,5,40
112 0,1,15,16,351
113 0,1,9,14,23,27,70,289,563
114 0,1,2,4,9,16
115 0,1,26,136
116 0,1,2,12,16,81
117 0,1,4,40,73,114,367
118 0,1,6,9,13,23,535
119 0,1,2,10,16,402
120 0,1,2,52,70,86,193
121 0,1,2,12,24,56,61,68,148
122 0,1,3,4,20,27,45,47,69,128,136,297
123 0,1,8,9,30,128,182
124 0,1,2,5,6,9,38,94
125 0,1,4,7,12,15,245,300,384
126 0,1,25,45,55,66,194,376,435,582
127 0,1,9,27,49,73
128 0,1,11,29,36,59,136,391,555,584,597
129 0,1,11,18,24,34,57,280
130 0,1,2,5,8,14,32,128
131 0,1
132 0,1,16,29,61
133 0,1,9
134 0,1,19
135 0,1,4,8,22,31,69
136 0,1,3,8,417
137 0,1,4,460
138 0,1,26,417
139 0,1
140 0,1,16,550
141 0,1,8,29
142 0,1,18,65,191,230,276,631
143 0,1,2,3,7,32,122
144 0,1,3,10,203,216
145 0,1,2,20,26,59
146 0,1,3,6,7,12,35,36,60,78,265,464
147 0,1,2,10,12,50,72,78
148 0,1,6,8,9,14,23,32,39,54,92
149 0,1
150 0,1,2,11,13,15
151 0,1,3,14,16,519
152 0,1,29,45,62,96,110,124
153 0,1,7,8,9,30,58,136,157,384,572
154 0,1,2,3,6,16,31,34,41,52,54,88,487,592,606
155 0,1,7,18,23,28,47,80,182,217,257,573,585,598
156 0,1,6,34,35,56,70,98,172,202,287,413
157 0,1,13,30,34,166,291,305
158 0,1,6,45,50,96,120
159 0,1,2,11,24
160 0,1,10,29,33,117,504
161 0,1,17,33,67,204
162 0,1
163 0,1,241,455
164 0,1
165 0,1
166 0,1,6
167 0,1,13
168 0,1
169 0,1,10
170 0,1
171 0,1
172 0,1
173 0,1
174 0,1
175 0,1
176 0,1
177 0,1,4,5,83
178 0,1,4,9,190
179 0,1,2,4,5,9,49
180 0,1,5,6,13,14,70,81,427
181 0,1,2,4,12,16,38,40,307,375
182 0,1,4,5,9,26,56,116,121,150,182,262
183 0,1,2,4,5,9,13,14,48,84,161
184 0,1,3,4,14,102,197,275
185 0,1,51,91,160
186 0,1,2,3,4,9,15,20,22,26,31,75,85,91,138,155,233,404
187 0,1,2,4,22,70,71,109,120,287
188 0,1,2,9,12,18,20,21,32,77,108
189 0,1,2,16,18,20,48
190 0,1,3,20,31,265,363,455,560
191 0,1,2,4,6,9,12,30,51,72,86,121
192 0,1,2,6,12,15,37,40,72,532
193 0,1,2,6,7,10,11,29,32,40,56,95,138,147,164,346
194 0,1,3,5,7,17,66,83,126,225,247
195 0,1,2,23,48,64,102,233,309
196 0,1,2,5,56,73,132,203,420,505
197 0,1,2,12,32,57,85,126,133,354,484
198 0,1,6,9,43,425
199 0,1,2,5,9,30,38,604
200 0,1,9,39,229,403
201 0,1,2,3,11,15,126,178
202 0,1,2,3,4,5,8,9,12,16,17,18,23,54,58,64,78,91,107,352,381
203 0,1,2,15,66
