0 0,1,2,3,4,5,6,7,8,9,10,11,12,13,14,15,16,17,18,19,20,21,22,23,24,25,26,27,28,29,30,31,32,33,34,35,36,37,38,39,40,41,42,43,44,45,46,47,48,49,50,51,52,53,54,55,57,58,59,60,61,62,63,64,65,66,67,68,69,70,71,72,73,74,75,76,77,78,79,80,81,82,83,84,85,86,87,88,89,90,91,92,93,94,95,96,97,98,99,100,101,102,103,104,105,107,109,110,111,112,113,114,115,116,117,118,119,120,121,122,123,124,125,127,128,129,130,131,132,133,135,136,137,138,139,140,141,143,144,145,146,147,148,149,150,152,153,154,155,156,157,158,159,160,161,162,163,164,166,167,168,169,170,171,172,173,174,175,177,178,179,180,181,182,183,184,185,186,187,190,194,195,196,198,200,201,203,205,206,207,210,212,214,215,218,220,221,222,223,224,225,226,227,228,230,231,234,235,236,237,238,240,242,243,246,248,249,250,251,253,255,256,259,263,267,268,269,274,275,276,277,278,279,282,283,289,290,292,293,296,299,301,302,304,306,307,308,315,316,318,319,322,323,329,330,331,335,337,338,340,341,342,344,345,353,355,357,358,360,362,366,367,369,372,373,380,381,386,388,389,392,393,398,400,405,406,408,411,412,415,418,421,423,424,429,430,432,433,434,435,437,440,443,445,446,447,448,450,451,453,461,462,466,467,478,479,480,481,486,494,495,501,505,506,508,510,512,513,515,517,520,528,531,537,540,543,544,545,546,547,549,552,553,554,555,569,576,577,580,585,588,590,595,596,599,601,602,607,608,616,618,625,628,639,640,642,645,646
1 0,1,2,3,4,5,6,7,8,9,10,11,12,13,14,15,16,17,18,19,20,21,22,23,24,25,26,27,28,29,30,32,33,34,35,36,38,39,40,41,42,43,44,45,46,47,48,49,50,51,52,53,54,55,56,58,59,60,61,62,63,64,65,66,67,69,70,71,72,73,74,75,76,78,79,84,85,86,87,88,90,91,92,93,94,95,96,99,101,102,104,105,109,113,115,116,117,118,119,120,121,122,123,124,125,127,129,130,131,132,133,134,136,138,139,140,141,142,143,145,147,148,150,151,154,158,159,160,162,164,173,174,175,181,189,190,197,198,202,203,204,205,206,207,216,217,219,222,224,225,228,229,232,233,234,240,241,242,244,247,256,263,271,274,275,277,281,285,288,291,296,300,301,309,316,320,325,330,333,335,342,346,355,364,371,372,373,374,377,378,382,383,394,407,409,412,419,428,429,431,440,443,456,458,478,481,482,483,487,491,498,499,502,506,509,513,523,524,525,526,530,537,538,541,542,551,552,554,557,564,567,568,578,581,584,593,595,597,598,607,615,617,618,634,641,647
2 0,1,2,3,4,5,6,7,8,9,10,11,12,13,14,15,16,17,18,19,20,21,22,23,24,25,26,27,28,29,30,31,32,33,34,35,36,39,40,41,42,43,45,46,47,48,49,50,51,54,56,61,63,64,65,66,67,69,70,71,72,73,75,77,78,80,82,84,85,86,89,90,91,94,96,97,100,101,106,108,111,112,114,116,119,120,121,126,127,131,132,133,141,144,146,147,152,153,156,157,159,164,166,167,169,170,175,176,180,182,184,190,194,202,204,205,207,208,210,211,225,232,239,243,251,255,271,276,280,282,295,297,302,311,313,321,327,349,361,379,388,390,395,398,399,413,426,427,438,439,444,452,460,465,473,500,504,510,524,525,546,547,556,565,578,596,605,610,633,636
3 0,1,2,3,4,5,6,7,8,9,10,11,12,13,14,15,16,17,18,19,20,21,22,23,24,25,26,27,28,29,30,31,32,33,34,36,37,38,39,40,41,42,43,44,45,47,48,53,55,56,58,61,64,66,67,68,69,70,72,73,74,77,79,80,85,88,89,90,91,94,95,96,98,100,103,107,115,116,124,125,126,127,129,134,135,142,143,147,151,156,160,163,166,167,171,175,177,181,187,192,193,200,201,204,205,210,211,230,234,247,248,252,268,270,279,280,281,285,288,295,305,312,334,340,360,362,369,375,383,387,397,401,475,477,490,492,517,534,540,561,562,568,574,575,583,591,617,619,622,630,638
4 0,1,2,3,4,5,6,7,8,9,10,11,12,13,14,15,16,17,18,19,20,21,22,23,24,25,27,28,29,30,31,32,33,34,35,36,37,38,39,40,41,42,43,44,46,47,48,51,52,53,54,55,56,58,59,61,63,65,66,69,70,72,73,77,79,80,83,84,85,87,89,92,93,96,100,102,104,109,110,112,118,124,125,128,129,132,133,135,137,140,141,144,149,152,155,156,163,169,172,188,190,191,196,197,199,213,215,224,226,230,250,254,260,261,262,266,267,270,272,276,297,303,313,324,345,400,401,425,474,476,479,480,485,489,494,496,527,538,559,586,594,599,600,604,605,623
5 0,1,2,3,4,5,6,7,8,9,10,12,13,14,15,17,18,19,20,21,22,24,25,26,27,28,29,31,32,33,34,36,37,39,41,42,44,45,46,47,51,52,53,55,59,61,62,66,67,69,70,72,73,75,76,79,81,82,83,86,87,88,89,98,99,100,101,103,104,105,109,120,121,126,131,139,140,149,153,156,158,168,169,176,180,183,192,197,213,214,221,224,225,229,236,257,258,262,264,290,291,336,365,366,380,408,409,419,492,522,539,542,550,564,575
6 0,1,2,3,4,5,6,7,8,9,10,11,12,13,14,15,16,19,20,21,23,24,25,26,27,28,29,30,31,33,35,38,39,40,41,42,43,45,46,49,52,53,55,59,60,61,64,65,66,67,68,70,74,75,76,77,78,79,87,91,94,95,98,104,105,108,112,119,129,134,141,145,148,152,158,159,170,180,182,185,196,197,198,206,211,217,219,225,254,264,265,271,280,298,310,358,370,374,391,395,407,434,439,465,502,522,539,566,569,577,588,603,609,632
7 0,1,2,3,4,5,6,7,8,9,10,11,12,13,14,15,17,18,19,21,22,24,25,26,27,28,29,30,33,34,35,36,38,41,42,43,44,45,52,53,55,57,58,61,63,64,65,67,68,69,70,74,75,76,77,82,83,94,100,102,105,106,108,111,112,117,126,131,140,144,166,181,182,188,191,199,211,221,232,236,241,244,245,253,264,283,294,310,314,328,377,385,387,414,416,428,430,454,458,474,493,523,529,532,536,543,571,582,586,600,606,644,648
8 0,1,2,3,4,5,6,7,8,9,10,11,12,13,14,15,16,18,19,21,23,24,25,26,27,28,29,30,31,32,33,35,36,38,39,41,42,44,45,46,47,51,56,57,59,61,62,64,65,67,71,75,83,84,96,98,99,103,107,108,113,115,117,121,127,139,150,151,157,160,163,164,174,177,178,192,195,234,237,273,286,287,299,304,332,352,365,370,436,454,483,496,529,533,541,562,571,572
9 0,1,2,3,4,5,6,7,8,9,10,11,12,13,14,15,16,17,18,19,20,21,22,23,27,29,31,32,33,34,35,37,38,39,48,51,54,56,58,65,68,75,76,82,83,85,86,88,90,95,99,105,106,107,109,110,111,112,114,120,139,152,158,162,181,193,195,197,198,202,204,213,217,219,223,224,238,254,261,273,285,289,291,292,296,336,341,364,396,399,410,415,421,449,527,643
10 0,1,2,3,4,5,6,7,8,9,10,11,12,13,14,16,17,19,20,22,23,24,25,26,27,28,29,30,33,36,41,42,44,49,52,54,56,64,67,68,74,75,81,82,83,85,90,112,118,121,126,130,140,141,142,147,160,162,168,184,185,193,196,208,215,229,237,246,250,253,258,260,261,282,284,298,392,416,422,426,431,450,452,459,463,468,545,565,570
11 0,1,2,3,4,5,6,7,8,9,10,11,12,13,14,15,20,21,22,25,26,28,29,30,31,32,33,34,36,38,42,44,48,50,55,58,68,71,72,73,74,75,76,81,87,90,91,94,98,101,102,121,122,124,125,130,134,135,163,168,191,214,224,228,263,275,283,298,299,333,359,394,403,583,591,603,616,620
12 0,1,2,3,4,5,6,7,8,9,10,12,13,14,15,16,17,21,23,24,25,26,27,28,30,36,37,41,42,43,56,70,73,77,79,101,104,112,113,114,123,126,138,143,186,187,190,191,208,227,243,248,314,315,379,390,444,448,471,488,635
13 0,1,2,3,4,5,6,7,8,9,10,11,13,14,16,17,19,20,21,23,24,25,27,28,29,30,31,35,38,39,40,44,47,48,50,52,53,57,60,67,71,73,74,81,86,87,88,102,103,113,114,115,116,120,123,129,138,139,142,147,155,163,167,168,179,189,227,234,245,266,274,286,289,304,317,324,339,350,386,473,488,521,558,581,587,594,609
14 0,1,2,3,4,7,8,10,11,12,13,14,15,16,17,19,20,22,23,27,31,32,33,36,40,41,45,47,55,58,62,69,74,78,79,81,82,84,89,94,96,99,103,104,105,108,113,117,131,133,141,145,156,176,178,184,193,194,200,216,308,397,420,436,457,470,518,548,553,558,592,626
15 0,1,2,3,4,5,7,8,9,10,12,13,14,15,17,18,21,22,25,26,28,33,34,37,41,43,47,48,50,53,54,59,61,65,66,68,69,80,95,112,113,120,129,135,167,175,177,216,220,231,242,260,270,278,282,326,338,414,457,485,534,621
16 0,1,2,3,4,6,7,8,10,11,12,13,14,17,18,21,22,24,25,27,29,30,34,36,45,48,49,53,54,58,61,68,78,85,90,91,99,102,119,135,170,189,204,220,248,259,368,438,516,627
17 0,1,2,3,5,6,7,8,9,10,11,12,13,14,15,16,17,18,19,20,21,23,25,26,29,30,32,37,40,43,45,47,48,49,50,51,54,56,61,66,67,68,71,76,77,82,83,89,91,96,103,108,132,141,157,181,196,207,216,220,223,227,252,265,269,286,294,321,350,356,385,475,611
18 0,1,2,3,4,5,6,8,10,11,12,14,15,16,18,20,22,24,25,26,27,29,32,35,36,41,42,44,45,54,55,56,61,63,78,95,98,111,119,125,134,141,145,157,158,160,162,177,178,210,212,243,247,323,348,470
19 0,1,2,3,4,6,7,8,10,12,13,14,16,18,21,23,25,26,28,30,40,44,45,55,58,75,78,113,114,118,140,145,164,166,183,212,216,223,273,302,396,471,533
20 0,1,2,3,4,5,6,7,8,9,10,18,19,20,25,26,27,28,30,31,33,35,37,38,42,44,45,48,49,54,59,63,66,82,84,85,87,111,116,129,130,133,136,142,146,176,178,199,203,239,270,318,320,354,376,410,422,441,526,548,579
21 0,1,2,4,7,10,13,16,17,18,22,24,26,33,34,38,43,45,48,52,58,71,74,82,93,95,110,119,127,166,244,259,328,587,589
22 0,1,2,3,4,5,7,8,9,10,11,12,13,14,16,17,18,19,22,23,24,25,28,29,32,35,37,55,58,59,60,64,71,74,78,80,95,99,109,111,125,144,151,199,210,231,235,278,343,442,464,557,624
23 0,1,2,4,7,8,9,10,11,13,16,18,19,20,25,27,36,38,52,58,65,71,78,116,123,138,154,157,167,171,198,215,257,311,514,612
24 0,1,2,3,5,6,7,8,12,13,14,15,16,17,19,24,25,28,30,34,35,37,38,44,45,48,49,57,59,61,69,81,87,92,93,100,103,111,120,126,134,151,161,162,163,166,179,199,202,239,253,262,361,521,535,544,549,556,570,613,622
25 0,1,2,3,6,9,10,12,13,15,16,17,18,19,20,26,89,115,119,137,161,187,208,212,267,272,567
26 0,1,2,3,4,5,7,8,9,10,12,13,14,16,17,18,19,20,21,26,28,31,32,40,41,42,43,51,52,53,54,56,71,73,79,82,92,96,107,110,137,140,185,188,277,294,339,344,402,472
27 0,1,2,3,4,6,7,8,9,10,12,13,14,15,17,19,23,25,26,28,29,31,33,38,39,42,43,45,46,56,59,61,63,65,67,68,71,73,80,83,92,96,98,101,110,114,132,134,137,147,151,153,183,232,233,238,252,284,307,405,511,614,619
28 0,1,2,3,7,10,11,14,16,20,21,24,26,33,36,37,66,75,78,87,186,237,251,288,511,573
29 0,1,2,3,4,5,7,9,10,11,13,14,16,20,22,25,27,31,32,38,45,47,61,66,77,121,143,150,209,220,241,266,294,467,497,509,518,629
30 0,1,2,3,4,6,7,8,12,13,15,16,18,19,21,23,30,31,32,38,41,42,54,57,59,63,66,77,81,117,165,207,232,238,257,343,347,503
31 0,1,2,3,4,5,6,7,8,12,13,14,16,18,19,20,25,27,34,52,61,65,103,110,129,137,139,142,249,334,348,356,359,472,507,602
32 0,1,2,3,4,7,8,16,18,19,43,44,55,70,86,136,171,292,296,424
33 0,1,2,4,7,8,13,14,19,20,23,26,36,52,56,59,70,81,165,209,214,240,445,491,536,637
34 0,1,2,3,6,7,8,11,13,14,16,20,24,28,31,34,38,44,45,50,52,53,63,79,81,84,89,99,118,138,141,165,177,297,303,326,477,611
35 0,1,2,3,4,7,13,24,27,29,35,37,38,49,56,71,72,79,88,98,128,167,193,218,404,516
36 0,1,2,3,4,8,16,17,48,53,72,100,159,167,207,278,281,283,371,449,519,593
37 0,1,2,18,27,28,29,32,37,71,142,152,161,186,332,446,463,507
38 0,1,2,8,9,10,14,16,20,28,40,45,56,77,101,266,319,347,493,503,514,566
39 0,1,2,4,9,18,26,27,48,64,111,114,148,327,447,498
40 0,1,2,3,6,7,8,13,14,15,16,18,22,23,26,28,55,56,57,71,80,81,82,87,95,121,131,138,143,163,179,183,189,217,349,476,490
41 0,1,2,3,4,5,8,10,13,15,17,19,20,25,28,32,35,38,46,68,130,134,139,142,195,196,209,239,469,574,614
42 0,1,2,3,4,7,10,16,17,18,19,27,28,35,38,81,110,563,612
43 0,1,2,9,14,47,59,151,205,208,209,219,220
44 0,1,2,7,29,32,52,73,92,101,116,130,154,227,368,501
45 0,1,2,3,4,5,6,10,13,20,29,43,53,56,57,59,75,82,84,186,200,208,284,469
46 0,1,2,4,7,13,14,23,26,28,32,49,57,61,75,84,95,174,200,325,560
47 0,1,2,4,8,12,16,38,47,64,72,83,93,94,159,249,277,456,515,613
48 0,1,8,10,12,16,22,71
49 0,1,10,11,23,35,36,56,106,295
50 0,1,2,4,9,18,20,26,110,114,433,459,497,500,559
51 0,1,2,3,4,6,11,18,21,38,51,60,63,71,89,91,128,183,249,272,286,292,351,382
52 0,1,2,3,4,7,10,16,30,31,36,45,46,57,80,108,128,160,218,267,620
53 0,1,2,3,4,8,9,13,17,18,27,38,45,52,70,73,82,106,108,185,258,284,378,441
54 0,1,2,7,9,18,27,37,45,60,78,188,215,235,317
55 0,1,2,3,5,6,11,12,13,14,18,20,40,77,133,233,363,484
56 0,1,9,14,15,16,23,27,70,289,351,563
57 0,1,2,4,9,16,26,136
58 0,1,2,4,12,16,40,73,81,114,367
59 0,1,2,6,9,10,13,16,23,402,535
60 0,1,2,12,24,52,56,61,68,70,86,148,193
61 0,1,3,4,8,9,20,27,30,45,47,69,128,136,182,297
62 0,1,2,4,5,6,7,9,12,15,38,94,245,300,384
63 0,1,9,25,27,45,49,55,66,73,194,376,435,582
64 0,1,11,18,24,29,34,36,57,59,136,280,391,555,584,597
65 0,1,2,5,8,14,32,128
66 0,1,9,16,29,61
67 0,1,4,8,19,22,31,69
68 0,1,3,4,8,417,460
69 0,1,26,417
70 0,1,8,16,29,550
71 0,1,2,3,7,18,32,65,122,191,230,276,631
72 0,1,2,3,10,20,26,59,203,216
73 0,1,2,3,6,7,10,12,35,36,50,60,72,78,265,464
74 0,1,6,8,9,14,23,32,39,54,92
75 0,1,2,3,11,13,14,15,16,519
76 0,1,7,8,9,29,30,45,58,62,96,110,124,136,157,384,572
77 0,1,2,3,6,7,16,18,23,28,31,34,41,47,52,54,80,88,182,217,257,487,573,585,592,598,606
78 0,1,6,13,30,34,35,56,70,98,166,172,202,287,291,305,413
79 0,1,2,6,11,24,45,50,96,120
80 0,1,10,17,29,33,67,117,204,504
81 0,1,241,455
82 0,1
83 0,1,6,13
84 0,1,10
85 0,1
86 0,1
87 0,1
88 0,1,4,5,83
89 0,1,2,4,5,9,49,190
90 0,1,2,4,5,6,12,13,14,16,38,40,70,81,307,375,427
91 0,1,2,4,5,9,13,14,26,48,56,84,116,121,150,161,182,262
92 0,1,3,4,14,51,91,102,160,197,275
93 0,1,2,3,4,9,15,20,22,26,31,70,71,75,85,91,109,120,138,155,233,287,404
94 0,1,2,9,12,16,18,20,21,32,48,77,108
95 0,1,2,3,4,6,9,12,20,30,31,51,72,86,121,265,363,455,560
96 0,1,2,6,7,10,11,12,15,29,32,37,40,56,72,95,138,147,164,346,532
97 0,1,2,3,5,7,17,23,48,64,66,83,102,126,225,233,247,309
98 0,1,2,5,12,32,56,57,73,85,126,132,133,203,354,420,484,505
99 0,1,2,5,6,9,30,38,43,425,604
100 0,1,2,3,9,11,15,39,126,178,229,403
101 0,1,2,3,4,5,8,9,12,15,16,17,18,23,54,58,64,66,78,91,107,352,381
